

----------------------------------------------------
STRUCTURE by Pritchard, Stephens and Donnelly (2000)
     and Falush, Stephens and Pritchard (2003)
       Code by Pritchard, Falush and Hubisz
             Version 2.3.4 (Jul 2012)
----------------------------------------------------



Command line arguments:   ../bin/structure -K 3 -i ../data/genos_slg_pipe.txt_dat001 -N 1800 -L 92 -D 71639 -o StructOuput_genos_slg_pipe.txt_dat001_k003_Rep001.txt 
Input File:    ../data/genos_slg_pipe.txt_dat001

Run parameters:
   1800 individuals
   92 loci
   3 populations assumed
   50000 Burn-in period
   150000 Reps
RANDOMIZE turned off


--------------------------------------------
Proportion of membership of each pre-defined
 population in each of the 3 clusters

Given    Inferred Clusters       Number of
 Pop       1      2      3      Individuals

  1:     0.884  0.021  0.095      450
  2:     0.521  0.033  0.446      450
  3:     0.198  0.045  0.757      450
  4:     0.038  0.899  0.062      450
--------------------------------------------

Allele-freq. divergence among pops (Net nucleotide distance),
computed using point estimates of P.

      1       2       3      
 1      -    0.0453  0.0079  
 2   0.0453     -    0.0502  
 3   0.0079  0.0502     -    

Average distances (expected heterozygosity) between individuals in same cluster:
cluster  1  : 0.3647 
cluster  2  : 0.3828 
cluster  3  : 0.3582 

--------------------------------------------
Estimated Ln Prob of Data   = -180214.7
Mean value of ln likelihood = -179752.5
Variance of ln likelihood   = 924.3
Mean value of alpha         = 0.0444

Mean value of Fst_1         = 0.0104
Mean value of Fst_2         = 0.1555
Mean value of Fst_3         = 0.0387


Inferred ancestry of individuals:
        Label (%Miss) Pop:  Inferred clusters
  1    CH001    (0)    1 :  0.961 0.014 0.025 
  2    CH002    (0)    1 :  0.844 0.005 0.152 
  3    CH003    (0)    1 :  0.944 0.047 0.009 
  4    CH004    (1)    1 :  0.986 0.004 0.010 
  5    CH005    (1)    1 :  0.872 0.004 0.123 
  6    CH006    (0)    1 :  0.970 0.003 0.027 
  7    CH007    (0)    1 :  0.972 0.006 0.022 
  8    CH008    (0)    1 :  0.946 0.013 0.041 
  9    CH009    (1)    1 :  0.982 0.007 0.011 
 10    CH010    (0)    1 :  0.985 0.005 0.010 
 11    CH011    (0)    1 :  0.957 0.028 0.015 
 12    CH012    (1)    1 :  0.979 0.012 0.009 
 13    CH013    (2)    1 :  0.965 0.004 0.030 
 14    CH014    (0)    1 :  0.930 0.009 0.061 
 15    CH015    (0)    1 :  0.906 0.030 0.064 
 16    CH016    (0)    1 :  0.902 0.005 0.093 
 17    CH017    (1)    1 :  0.639 0.025 0.336 
 18    CH018    (0)    1 :  0.960 0.007 0.033 
 19    CH019    (0)    1 :  0.917 0.014 0.069 
 20    CH020    (0)    1 :  0.765 0.004 0.231 
 21    CH021    (3)    1 :  0.699 0.014 0.286 
 22    CH022    (0)    1 :  0.969 0.017 0.014 
 23    CH023    (0)    1 :  0.918 0.003 0.079 
 24    CH024    (0)    1 :  0.960 0.015 0.025 
 25    CH025    (0)    1 :  0.568 0.266 0.166 
 26    CH026    (0)    1 :  0.980 0.007 0.013 
 27    CH027    (0)    1 :  0.974 0.011 0.015 
 28    CH028    (0)    1 :  0.978 0.012 0.010 
 29    CH029    (0)    1 :  0.980 0.006 0.014 
 30    CH030    (0)    1 :  0.979 0.003 0.018 
 31    CH031    (1)    1 :  0.974 0.006 0.021 
 32    CH032    (0)    1 :  0.969 0.005 0.026 
 33    CH033    (2)    1 :  0.976 0.009 0.015 
 34    CH034    (0)    1 :  0.540 0.244 0.217 
 35    CH035    (0)    1 :  0.951 0.009 0.040 
 36    CH036    (0)    1 :  0.290 0.035 0.675 
 37    CH037    (0)    1 :  0.876 0.013 0.110 
 38    CH038    (0)    1 :  0.971 0.005 0.024 
 39    CH039    (0)    1 :  0.860 0.031 0.109 
 40    CH040    (0)    1 :  0.988 0.006 0.006 
 41    CH041    (0)    1 :  0.976 0.010 0.014 
 42    CH042    (0)    1 :  0.974 0.011 0.015 
 43    CH043    (0)    1 :  0.964 0.016 0.020 
 44    CH044    (0)    1 :  0.855 0.010 0.135 
 45    CH045    (0)    1 :  0.974 0.004 0.022 
 46    CH046    (0)    1 :  0.928 0.052 0.020 
 47    CH047    (0)    1 :  0.916 0.025 0.059 
 48    CH048    (1)    1 :  0.788 0.005 0.207 
 49    CH049    (0)    1 :  0.927 0.011 0.062 
 50    CH050    (0)    1 :  0.983 0.007 0.011 
 51    CH001    (0)    1 :  0.978 0.006 0.016 
 52    CH002    (0)    1 :  0.981 0.010 0.009 
 53    CH003    (1)    1 :  0.548 0.005 0.447 
 54    CH004    (0)    1 :  0.967 0.010 0.022 
 55    CH005    (0)    1 :  0.986 0.003 0.011 
 56    CH006    (0)    1 :  0.970 0.013 0.018 
 57    CH007    (0)    1 :  0.975 0.012 0.013 
 58    CH008    (0)    1 :  0.984 0.007 0.009 
 59    CH009    (1)    1 :  0.932 0.028 0.039 
 60    CH010    (0)    1 :  0.979 0.011 0.010 
 61    CH011    (0)    1 :  0.965 0.009 0.026 
 62    CH012    (0)    1 :  0.933 0.024 0.043 
 63    CH013    (0)    1 :  0.981 0.009 0.010 
 64    CH014    (0)    1 :  0.952 0.025 0.023 
 65    CH015    (0)    1 :  0.945 0.044 0.011 
 66    CH016    (0)    1 :  0.977 0.008 0.014 
 67    CH017    (0)    1 :  0.983 0.007 0.010 
 68    CH018    (1)    1 :  0.930 0.004 0.066 
 69    CH019    (0)    1 :  0.577 0.005 0.417 
 70    CH020    (0)    1 :  0.948 0.021 0.031 
 71    CH021    (1)    1 :  0.587 0.017 0.396 
 72    CH022    (0)    1 :  0.937 0.011 0.052 
 73    CH023    (0)    1 :  0.824 0.004 0.173 
 74    CH024    (0)    1 :  0.979 0.006 0.015 
 75    CH025    (0)    1 :  0.957 0.026 0.017 
 76    CH026    (0)    1 :  0.957 0.005 0.038 
 77    CH027    (0)    1 :  0.953 0.012 0.035 
 78    CH028    (0)    1 :  0.923 0.043 0.034 
 79    CH029    (0)    1 :  0.581 0.006 0.413 
 80    CH030    (1)    1 :  0.978 0.005 0.016 
 81    CH031    (0)    1 :  0.856 0.006 0.138 
 82    CH032    (0)    1 :  0.979 0.006 0.015 
 83    CH033    (9)    1 :  0.974 0.008 0.017 
 84    CH034    (0)    1 :  0.929 0.047 0.023 
 85    CH035    (0)    1 :  0.560 0.006 0.434 
 86    CH036    (0)    1 :  0.662 0.005 0.333 
 87    CH037    (0)    1 :  0.981 0.004 0.015 
 88    CH038    (0)    1 :  0.921 0.006 0.073 
 89    CH039    (0)    1 :  0.979 0.015 0.006 
 90    CH040    (0)    1 :  0.935 0.041 0.024 
 91    CH041    (0)    1 :  0.973 0.004 0.023 
 92    CH042    (0)    1 :  0.962 0.005 0.032 
 93    CH043    (0)    1 :  0.889 0.011 0.100 
 94    CH044    (0)    1 :  0.983 0.009 0.008 
 95    CH045    (0)    1 :  0.966 0.006 0.028 
 96    CH046    (0)    1 :  0.976 0.003 0.021 
 97    CH047    (0)    1 :  0.800 0.023 0.177 
 98    CH048    (0)    1 :  0.858 0.050 0.092 
 99    CH049    (0)    1 :  0.834 0.004 0.162 
100    CH050    (0)    1 :  0.920 0.024 0.056 
101    CH001    (0)    1 :  0.074 0.374 0.552 
102    CH002    (0)    1 :  0.793 0.007 0.200 
103    CH003    (0)    1 :  0.962 0.006 0.032 
104    CH004    (0)    1 :  0.966 0.020 0.014 
105    CH005    (0)    1 :  0.984 0.010 0.006 
106    CH006    (0)    1 :  0.947 0.003 0.050 
107    CH007    (0)    1 :  0.879 0.010 0.111 
108    CH008    (1)    1 :  0.974 0.006 0.020 
109    CH009    (0)    1 :  0.949 0.017 0.034 
110    CH010    (1)    1 :  0.908 0.003 0.089 
111    CH011    (1)    1 :  0.986 0.005 0.009 
112    CH012    (0)    1 :  0.942 0.047 0.011 
113    CH013    (2)    1 :  0.914 0.059 0.026 
114    CH014    (0)    1 :  0.859 0.023 0.118 
115    CH015    (0)    1 :  0.494 0.008 0.498 
116    CH016    (0)    1 :  0.870 0.013 0.117 
117    CH017    (2)    1 :  0.972 0.012 0.016 
118    CH018    (0)    1 :  0.917 0.055 0.028 
119    CH019    (1)    1 :  0.925 0.020 0.055 
120    CH020    (0)    1 :  0.964 0.008 0.028 
121    CH021    (0)    1 :  0.983 0.006 0.011 
122    CH022    (4)    1 :  0.988 0.005 0.008 
123    CH023    (0)    1 :  0.980 0.005 0.014 
124    CH024    (0)    1 :  0.968 0.008 0.024 
125    CH025    (0)    1 :  0.842 0.049 0.110 
126    CH026    (0)    1 :  0.947 0.007 0.045 
127    CH027    (0)    1 :  0.882 0.042 0.077 
128    CH028    (0)    1 :  0.960 0.003 0.038 
129    CH029    (0)    1 :  0.959 0.013 0.029 
130    CH030    (0)    1 :  0.787 0.006 0.207 
131    CH031    (0)    1 :  0.922 0.009 0.068 
132    CH032    (0)    1 :  0.655 0.007 0.337 
133    CH033    (0)    1 :  0.938 0.036 0.026 
134    CH034    (0)    1 :  0.981 0.005 0.014 
135    CH035    (0)    1 :  0.829 0.149 0.023 
136    CH036    (0)    1 :  0.964 0.016 0.020 
137    CH037    (0)    1 :  0.875 0.013 0.112 
138    CH038    (0)    1 :  0.961 0.010 0.029 
139    CH039    (0)    1 :  0.969 0.017 0.014 
140    CH040    (0)    1 :  0.987 0.005 0.008 
141    CH041    (0)    1 :  0.945 0.035 0.020 
142    CH042    (0)    1 :  0.947 0.015 0.037 
143    CH043    (0)    1 :  0.969 0.005 0.026 
144    CH044    (0)    1 :  0.914 0.006 0.079 
145    CH045    (0)    1 :  0.986 0.006 0.008 
146    CH046    (0)    1 :  0.648 0.005 0.347 
147    CH047    (0)    1 :  0.880 0.034 0.086 
148    CH048    (0)    1 :  0.974 0.006 0.020 
149    CH049    (0)    1 :  0.966 0.015 0.019 
150    CH050    (0)    1 :  0.786 0.021 0.193 
151    CH001    (0)    1 :  0.945 0.004 0.051 
152    CH002    (0)    1 :  0.983 0.004 0.013 
153    CH003    (1)    1 :  0.697 0.011 0.292 
154    CH004    (0)    1 :  0.922 0.007 0.071 
155    CH005    (0)    1 :  0.971 0.008 0.022 
156    CH006    (0)    1 :  0.826 0.161 0.013 
157    CH007    (0)    1 :  0.966 0.005 0.029 
158    CH008    (1)    1 :  0.393 0.008 0.599 
159    CH009    (0)    1 :  0.770 0.018 0.212 
160    CH010    (0)    1 :  0.934 0.028 0.038 
161    CH011    (0)    1 :  0.910 0.012 0.079 
162    CH012    (0)    1 :  0.928 0.055 0.017 
163    CH013    (0)    1 :  0.802 0.184 0.014 
164    CH014    (0)    1 :  0.969 0.011 0.021 
165    CH015    (0)    1 :  0.930 0.010 0.060 
166    CH016    (0)    1 :  0.981 0.011 0.008 
167    CH017    (0)    1 :  0.956 0.005 0.039 
168    CH018    (0)    1 :  0.953 0.005 0.042 
169    CH019    (0)    1 :  0.428 0.013 0.559 
170    CH020    (0)    1 :  0.910 0.010 0.079 
171    CH021    (2)    1 :  0.889 0.009 0.102 
172    CH022    (0)    1 :  0.739 0.031 0.230 
173    CH023    (0)    1 :  0.984 0.004 0.012 
174    CH024    (0)    1 :  0.892 0.019 0.090 
175    CH025    (0)    1 :  0.951 0.021 0.029 
176    CH026    (0)    1 :  0.784 0.011 0.205 
177    CH027    (0)    1 :  0.411 0.016 0.573 
178    CH028    (1)    1 :  0.943 0.026 0.030 
179    CH029    (0)    1 :  0.960 0.003 0.037 
180    CH030    (0)    1 :  0.963 0.015 0.022 
181    CH031    (0)    1 :  0.896 0.080 0.025 
182    CH032    (0)    1 :  0.514 0.006 0.479 
183    CH033    (0)    1 :  0.982 0.009 0.009 
184    CH034    (0)    1 :  0.959 0.008 0.033 
185    CH035    (0)    1 :  0.890 0.004 0.106 
186    CH036    (0)    1 :  0.864 0.005 0.130 
187    CH037    (0)    1 :  0.947 0.006 0.047 
188    CH038    (0)    1 :  0.942 0.015 0.043 
189    CH039    (0)    1 :  0.689 0.004 0.307 
190    CH040    (0)    1 :  0.979 0.007 0.014 
191    CH041    (0)    1 :  0.931 0.063 0.007 
192    CH042    (0)    1 :  0.748 0.006 0.247 
193    CH043    (0)    1 :  0.980 0.003 0.018 
194    CH044    (0)    1 :  0.928 0.009 0.063 
195    CH045    (0)    1 :  0.318 0.480 0.202 
196    CH046    (1)    1 :  0.932 0.008 0.060 
197    CH047    (0)    1 :  0.963 0.005 0.032 
198    CH048    (0)    1 :  0.956 0.023 0.020 
199    CH049    (1)    1 :  0.972 0.016 0.012 
200    CH050    (0)    1 :  0.973 0.006 0.021 
201    CH001    (0)    1 :  0.878 0.004 0.117 
202    CH002    (0)    1 :  0.728 0.042 0.230 
203    CH003    (2)    1 :  0.791 0.079 0.130 
204    CH004    (0)    1 :  0.793 0.014 0.192 
205    CH005    (0)    1 :  0.885 0.018 0.097 
206    CH006    (1)    1 :  0.926 0.024 0.050 
207    CH007    (0)    1 :  0.631 0.010 0.359 
208    CH008    (1)    1 :  0.897 0.037 0.065 
209    CH009    (0)    1 :  0.966 0.007 0.027 
210    CH010    (1)    1 :  0.923 0.013 0.064 
211    CH011    (0)    1 :  0.907 0.027 0.066 
212    CH012    (5)    1 :  0.607 0.005 0.388 
213    CH013    (1)    1 :  0.955 0.008 0.038 
214    CH014    (0)    1 :  0.959 0.030 0.011 
215    CH015    (0)    1 :  0.956 0.005 0.039 
216    CH016    (0)    1 :  0.665 0.006 0.329 
217    CH017    (0)    1 :  0.928 0.006 0.066 
218    CH018    (0)    1 :  0.797 0.010 0.194 
219    CH019    (0)    1 :  0.977 0.013 0.010 
220    CH020    (0)    1 :  0.909 0.005 0.085 
221    CH021    (0)    1 :  0.965 0.004 0.031 
222    CH022    (1)    1 :  0.907 0.037 0.056 
223    CH023    (0)    1 :  0.955 0.004 0.041 
224    CH024    (0)    1 :  0.790 0.004 0.206 
225    CH025    (1)    1 :  0.943 0.011 0.047 
226    CH026    (0)    1 :  0.979 0.006 0.015 
227    CH027    (2)    1 :  0.967 0.018 0.015 
228    CH028    (0)    1 :  0.949 0.040 0.011 
229    CH029    (0)    1 :  0.971 0.008 0.021 
230    CH030    (0)    1 :  0.925 0.006 0.069 
231    CH031    (0)    1 :  0.985 0.005 0.010 
232    CH032    (0)    1 :  0.540 0.055 0.405 
233    CH033    (1)    1 :  0.540 0.012 0.448 
234    CH034    (1)    1 :  0.818 0.012 0.170 
235    CH035    (0)    1 :  0.962 0.026 0.012 
236    CH036    (0)    1 :  0.975 0.005 0.020 
237    CH037    (3)    1 :  0.806 0.044 0.150 
238    CH038    (0)    1 :  0.978 0.012 0.010 
239    CH039    (0)    1 :  0.682 0.016 0.302 
240    CH040    (0)    1 :  0.757 0.118 0.125 
241    CH041    (0)    1 :  0.984 0.006 0.010 
242    CH042    (0)    1 :  0.954 0.007 0.040 
243    CH043    (1)    1 :  0.969 0.020 0.011 
244    CH044    (0)    1 :  0.847 0.028 0.125 
245    CH045    (1)    1 :  0.926 0.006 0.069 
246    CH046    (0)    1 :  0.955 0.013 0.032 
247    CH047    (0)    1 :  0.961 0.008 0.031 
248    CH048    (0)    1 :  0.941 0.010 0.049 
249    CH049    (0)    1 :  0.728 0.021 0.251 
250    CH050    (0)    1 :  0.973 0.012 0.015 
251    CH001    (0)    1 :  0.986 0.005 0.008 
252    CH002    (0)    1 :  0.968 0.006 0.026 
253    CH003    (0)    1 :  0.984 0.008 0.008 
254    CH004    (0)    1 :  0.969 0.011 0.019 
255    CH005    (0)    1 :  0.980 0.009 0.011 
256    CH006    (0)    1 :  0.929 0.017 0.054 
257    CH007    (0)    1 :  0.912 0.039 0.049 
258    CH008    (0)    1 :  0.952 0.026 0.021 
259    CH009    (1)    1 :  0.887 0.023 0.090 
260    CH010    (0)    1 :  0.836 0.005 0.159 
261    CH011    (7)    1 :  0.972 0.020 0.008 
262    CH012    (1)    1 :  0.937 0.006 0.058 
263    CH013    (0)    1 :  0.962 0.012 0.026 
264    CH014    (0)    1 :  0.953 0.031 0.016 
265    CH015    (0)    1 :  0.985 0.008 0.007 
266    CH016    (1)    1 :  0.975 0.008 0.017 
267    CH017    (0)    1 :  0.979 0.010 0.010 
268    CH018    (0)    1 :  0.962 0.005 0.034 
269    CH019    (0)    1 :  0.945 0.009 0.046 
270    CH020    (0)    1 :  0.976 0.006 0.019 
271    CH021    (0)    1 :  0.971 0.013 0.016 
272    CH022    (1)    1 :  0.972 0.021 0.008 
273    CH023    (0)    1 :  0.958 0.029 0.013 
274    CH024    (0)    1 :  0.946 0.022 0.032 
275    CH025    (0)    1 :  0.973 0.007 0.020 
276    CH026    (1)    1 :  0.985 0.011 0.004 
277    CH027    (0)    1 :  0.717 0.006 0.276 
278    CH028    (0)    1 :  0.973 0.009 0.018 
279    CH029    (0)    1 :  0.927 0.009 0.063 
280    CH030    (0)    1 :  0.978 0.008 0.014 
281    CH031    (3)    1 :  0.843 0.005 0.152 
282    CH032    (1)    1 :  0.626 0.009 0.365 
283    CH033    (0)    1 :  0.736 0.007 0.257 
284    CH034    (4)    1 :  0.971 0.004 0.025 
285    CH035    (0)    1 :  0.018 0.005 0.978 
286    CH036    (0)    1 :  0.986 0.003 0.011 
287    CH037    (0)    1 :  0.976 0.012 0.012 
288    CH038    (0)    1 :  0.512 0.194 0.294 
289    CH039    (0)    1 :  0.332 0.005 0.663 
290    CH040    (1)    1 :  0.958 0.015 0.028 
291    CH041    (2)    1 :  0.976 0.004 0.021 
292    CH042    (0)    1 :  0.766 0.018 0.217 
293    CH043    (8)    1 :  0.766 0.003 0.231 
294    CH044    (2)    1 :  0.791 0.008 0.201 
295    CH045    (1)    1 :  0.973 0.008 0.019 
296    CH046    (0)    1 :  0.943 0.008 0.049 
297    CH047    (1)    1 :  0.968 0.013 0.019 
298    CH048    (0)    1 :  0.951 0.021 0.028 
299    CH049    (0)    1 :  0.966 0.003 0.031 
300    CH050    (1)    1 :  0.983 0.003 0.014 
301    CH001    (0)    1 :  0.983 0.004 0.013 
302    CH002    (0)    1 :  0.889 0.013 0.098 
303    CH003    (0)    1 :  0.978 0.007 0.016 
304    CH004    (0)    1 :  0.970 0.009 0.021 
305    CH005    (0)    1 :  0.866 0.067 0.067 
306    CH006    (0)    1 :  0.920 0.059 0.020 
307    CH007    (0)    1 :  0.933 0.007 0.060 
308    CH008    (1)    1 :  0.803 0.009 0.187 
309    CH009    (0)    1 :  0.815 0.008 0.177 
310    CH010    (0)    1 :  0.978 0.003 0.019 
311    CH011    (1)    1 :  0.964 0.016 0.019 
312    CH012    (0)    1 :  0.986 0.004 0.009 
313    CH013    (1)    1 :  0.933 0.011 0.056 
314    CH014    (0)    1 :  0.935 0.004 0.061 
315    CH015    (1)    1 :  0.984 0.004 0.011 
316    CH016    (0)    1 :  0.915 0.056 0.028 
317    CH017    (1)    1 :  0.809 0.016 0.175 
318    CH018    (0)    1 :  0.954 0.031 0.015 
319    CH019    (0)    1 :  0.960 0.028 0.012 
320    CH020    (0)    1 :  0.928 0.006 0.066 
321    CH021    (0)    1 :  0.761 0.027 0.212 
322    CH022    (0)    1 :  0.982 0.009 0.009 
323    CH023    (0)    1 :  0.933 0.018 0.049 
324    CH024    (0)    1 :  0.964 0.009 0.026 
325    CH025    (0)    1 :  0.982 0.007 0.011 
326    CH026    (0)    1 :  0.984 0.007 0.008 
327    CH027    (0)    1 :  0.986 0.007 0.007 
328    CH028    (0)    1 :  0.979 0.009 0.011 
329    CH029    (0)    1 :  0.981 0.009 0.010 
330    CH030    (0)    1 :  0.254 0.008 0.739 
331    CH031    (3)    1 :  0.956 0.029 0.015 
332    CH032    (1)    1 :  0.790 0.023 0.187 
333    CH033    (1)    1 :  0.876 0.036 0.089 
334    CH034    (0)    1 :  0.755 0.018 0.227 
335    CH035    (0)    1 :  0.962 0.019 0.019 
336    CH036    (2)    1 :  0.984 0.008 0.008 
337    CH037    (0)    1 :  0.963 0.016 0.021 
338    CH038    (0)    1 :  0.858 0.012 0.131 
339    CH039    (0)    1 :  0.887 0.102 0.010 
340    CH040    (0)    1 :  0.971 0.019 0.011 
341    CH041    (1)    1 :  0.937 0.007 0.056 
342    CH042    (0)    1 :  0.936 0.033 0.031 
343    CH043    (2)    1 :  0.893 0.015 0.092 
344    CH044    (1)    1 :  0.438 0.200 0.362 
345    CH045    (7)    1 :  0.569 0.004 0.427 
346    CH046    (0)    1 :  0.882 0.004 0.115 
347    CH047    (0)    1 :  0.988 0.007 0.006 
348    CH048    (2)    1 :  0.734 0.004 0.261 
349    CH049    (0)    1 :  0.981 0.012 0.007 
350    CH050    (0)    1 :  0.878 0.004 0.118 
351    CH001    (0)    1 :  0.832 0.009 0.159 
352    CH002    (1)    1 :  0.910 0.014 0.076 
353    CH003    (0)    1 :  0.666 0.009 0.325 
354    CH004    (1)    1 :  0.890 0.003 0.107 
355    CH005    (0)    1 :  0.976 0.003 0.020 
356    CH006    (1)    1 :  0.174 0.012 0.814 
357    CH007    (0)    1 :  0.879 0.016 0.105 
358    CH008    (0)    1 :  0.961 0.031 0.008 
359    CH009    (1)    1 :  0.931 0.024 0.045 
360    CH010    (2)    1 :  0.921 0.007 0.072 
361    CH011    (1)    1 :  0.969 0.018 0.013 
362    CH012    (0)    1 :  0.954 0.026 0.019 
363    CH013    (0)    1 :  0.978 0.014 0.008 
364    CH014    (0)    1 :  0.921 0.004 0.074 
365    CH015    (0)    1 :  0.936 0.018 0.047 
366    CH016    (0)    1 :  0.937 0.038 0.025 
367    CH017    (1)    1 :  0.978 0.005 0.017 
368    CH018    (0)    1 :  0.972 0.011 0.016 
369    CH019    (0)    1 :  0.972 0.011 0.018 
370    CH020    (0)    1 :  0.859 0.053 0.088 
371    CH021    (0)    1 :  0.651 0.056 0.294 
372    CH022    (0)    1 :  0.969 0.009 0.021 
373    CH023    (1)    1 :  0.989 0.004 0.007 
374    CH024    (0)    1 :  0.943 0.008 0.049 
375    CH025    (0)    1 :  0.978 0.010 0.012 
376    CH026    (0)    1 :  0.150 0.006 0.844 
377    CH027    (0)    1 :  0.931 0.008 0.061 
378    CH028    (0)    1 :  0.965 0.010 0.024 
379    CH029    (0)    1 :  0.602 0.013 0.384 
380    CH030    (1)    1 :  0.987 0.007 0.006 
381    CH031    (0)    1 :  0.978 0.006 0.016 
382    CH032    (0)    1 :  0.344 0.009 0.647 
383    CH033    (1)    1 :  0.794 0.017 0.189 
384    CH034    (0)    1 :  0.580 0.009 0.411 
385    CH035    (0)    1 :  0.925 0.055 0.020 
386    CH036    (0)    1 :  0.953 0.028 0.020 
387    CH037    (1)    1 :  0.967 0.006 0.027 
388    CH038    (0)    1 :  0.968 0.019 0.013 
389    CH039    (0)    1 :  0.979 0.009 0.012 
390    CH040    (0)    1 :  0.934 0.003 0.063 
391    CH041    (0)    1 :  0.853 0.031 0.116 
392    CH042    (0)    1 :  0.949 0.003 0.047 
393    CH043    (0)    1 :  0.892 0.006 0.102 
394    CH044    (0)    1 :  0.949 0.003 0.048 
395    CH045    (0)    1 :  0.977 0.007 0.015 
396    CH046    (0)    1 :  0.254 0.004 0.743 
397    CH047    (0)    1 :  0.961 0.009 0.029 
398    CH048    (1)    1 :  0.937 0.006 0.056 
399    CH049    (0)    1 :  0.951 0.004 0.045 
400    CH050    (0)    1 :  0.411 0.485 0.103 
401    CH001    (0)    1 :  0.934 0.006 0.060 
402    CH002    (2)    1 :  0.895 0.011 0.094 
403    CH003    (2)    1 :  0.982 0.008 0.010 
404    CH004    (0)    1 :  0.922 0.008 0.071 
405    CH005    (0)    1 :  0.961 0.028 0.010 
406    CH006    (1)    1 :  0.976 0.002 0.022 
407    CH007    (1)    1 :  0.979 0.013 0.008 
408    CH008    (1)    1 :  0.987 0.005 0.008 
409    CH009    (0)    1 :  0.941 0.007 0.052 
410    CH010    (0)    1 :  0.443 0.083 0.474 
411    CH011    (0)    1 :  0.747 0.043 0.210 
412    CH012    (1)    1 :  0.978 0.005 0.017 
413    CH013    (0)    1 :  0.968 0.017 0.015 
414    CH014    (2)    1 :  0.966 0.024 0.010 
415    CH015    (0)    1 :  0.900 0.003 0.097 
416    CH016    (1)    1 :  0.917 0.005 0.078 
417    CH017    (0)    1 :  0.951 0.009 0.040 
418    CH018    (0)    1 :  0.974 0.015 0.011 
419    CH019    (0)    1 :  0.970 0.014 0.016 
420    CH020    (0)    1 :  0.953 0.040 0.007 
421    CH021    (0)    1 :  0.934 0.007 0.059 
422    CH022    (0)    1 :  0.955 0.022 0.024 
423    CH023    (1)    1 :  0.960 0.005 0.035 
424    CH024    (0)    1 :  0.937 0.006 0.057 
425    CH025    (1)    1 :  0.985 0.004 0.011 
426    CH026    (0)    1 :  0.961 0.016 0.023 
427    CH027    (2)    1 :  0.988 0.005 0.007 
428    CH028    (0)    1 :  0.854 0.138 0.008 
429    CH029    (0)    1 :  0.973 0.003 0.024 
430    CH030    (0)    1 :  0.973 0.009 0.018 
431    CH031    (0)    1 :  0.541 0.116 0.343 
432    CH032    (0)    1 :  0.983 0.006 0.011 
433    CH033    (1)    1 :  0.926 0.003 0.071 
434    CH034    (0)    1 :  0.904 0.005 0.090 
435    CH035    (0)    1 :  0.962 0.023 0.014 
436    CH036    (0)    1 :  0.802 0.006 0.192 
437    CH037    (0)    1 :  0.800 0.019 0.181 
438    CH038    (0)    1 :  0.977 0.013 0.011 
439    CH039    (3)    1 :  0.974 0.007 0.019 
440    CH040    (0)    1 :  0.917 0.007 0.076 
441    CH041    (0)    1 :  0.797 0.007 0.196 
442    CH042    (1)    1 :  0.563 0.011 0.426 
443    CH043    (1)    1 :  0.984 0.011 0.005 
444    CH044    (0)    1 :  0.969 0.010 0.020 
445    CH045    (0)    1 :  0.973 0.020 0.007 
446    CH046    (0)    1 :  0.986 0.005 0.009 
447    CH047    (0)    1 :  0.740 0.004 0.255 
448    CH048    (0)    1 :  0.583 0.016 0.400 
449    CH049    (0)    1 :  0.777 0.003 0.219 
450    CH050    (1)    1 :  0.928 0.013 0.059 
451   FRH001    (0)    2 :  0.351 0.059 0.590 
452   FRH002    (0)    2 :  0.017 0.006 0.978 
453   FRH003    (0)    2 :  0.446 0.015 0.540 
454   FRH004    (0)    2 :  0.767 0.003 0.230 
455   FRH005    (0)    2 :  0.017 0.006 0.977 
456   FRH006    (0)    2 :  0.835 0.003 0.162 
457   FRH007    (0)    2 :  0.596 0.023 0.381 
458   FRH008    (0)    2 :  0.305 0.016 0.679 
459   FRH009    (0)    2 :  0.966 0.004 0.030 
460   FRH010    (1)    2 :  0.877 0.053 0.070 
461   FRH011    (0)    2 :  0.877 0.005 0.118 
462   FRH012    (1)    2 :  0.695 0.148 0.157 
463   FRH013    (0)    2 :  0.734 0.022 0.244 
464   FRH014    (0)    2 :  0.612 0.010 0.377 
465   FRH015    (1)    2 :  0.616 0.008 0.376 
466   FRH016    (0)    2 :  0.975 0.005 0.020 
467   FRH017    (0)    2 :  0.010 0.004 0.986 
468   FRH018    (1)    2 :  0.922 0.060 0.017 
469   FRH019    (0)    2 :  0.910 0.010 0.079 
470   FRH020    (0)    2 :  0.857 0.028 0.114 
471   FRH021    (0)    2 :  0.729 0.003 0.268 
472   FRH022    (2)    2 :  0.110 0.017 0.874 
473   FRH023    (0)    2 :  0.942 0.010 0.048 
474   FRH024    (0)    2 :  0.828 0.005 0.167 
475   FRH025    (0)    2 :  0.086 0.004 0.910 
476   FRH026    (1)    2 :  0.945 0.010 0.045 
477   FRH027    (0)    2 :  0.621 0.027 0.351 
478   FRH028    (0)    2 :  0.148 0.048 0.804 
479   FRH029    (0)    2 :  0.977 0.004 0.019 
480   FRH030    (0)    2 :  0.093 0.028 0.879 
481   FRH031    (0)    2 :  0.958 0.007 0.035 
482   FRH032    (0)    2 :  0.891 0.022 0.088 
483   FRH033    (0)    2 :  0.974 0.011 0.016 
484   FRH034    (0)    2 :  0.537 0.011 0.453 
485   FRH035    (0)    2 :  0.839 0.034 0.127 
486   FRH036    (2)    2 :  0.244 0.006 0.750 
487   FRH037    (0)    2 :  0.093 0.004 0.903 
488   FRH038    (0)    2 :  0.747 0.007 0.246 
489   FRH039    (0)    2 :  0.036 0.025 0.939 
490   FRH040    (0)    2 :  0.452 0.004 0.545 
491   FRH041    (0)    2 :  0.188 0.063 0.749 
492   FRH042    (0)    2 :  0.923 0.025 0.051 
493   FRH043    (0)    2 :  0.121 0.033 0.846 
494   FRH044    (0)    2 :  0.023 0.015 0.962 
495   FRH045    (0)    2 :  0.133 0.014 0.853 
496   FRH046    (0)    2 :  0.237 0.005 0.759 
497   FRH047    (0)    2 :  0.062 0.025 0.913 
498   FRH048    (0)    2 :  0.941 0.008 0.051 
499   FRH049    (0)    2 :  0.951 0.014 0.035 
500   FRH050    (1)    2 :  0.425 0.008 0.567 
501   FRH001    (0)    2 :  0.892 0.017 0.091 
502   FRH002    (0)    2 :  0.676 0.004 0.320 
503   FRH003    (0)    2 :  0.233 0.025 0.742 
504   FRH004    (0)    2 :  0.546 0.015 0.439 
505   FRH005    (0)    2 :  0.914 0.038 0.048 
506   FRH006    (2)    2 :  0.760 0.016 0.223 
507   FRH007    (0)    2 :  0.118 0.012 0.869 
508   FRH008    (1)    2 :  0.913 0.016 0.072 
509   FRH009    (0)    2 :  0.957 0.011 0.033 
510   FRH010    (0)    2 :  0.940 0.027 0.032 
511   FRH011    (0)    2 :  0.818 0.038 0.144 
512   FRH012    (1)    2 :  0.734 0.016 0.250 
513   FRH013    (0)    2 :  0.399 0.004 0.598 
514   FRH014    (0)    2 :  0.975 0.004 0.021 
515   FRH015    (0)    2 :  0.235 0.127 0.639 
516   FRH016    (0)    2 :  0.899 0.045 0.056 
517   FRH017    (0)    2 :  0.959 0.010 0.031 
518   FRH018    (0)    2 :  0.828 0.103 0.069 
519   FRH019    (0)    2 :  0.603 0.024 0.373 
520   FRH020    (0)    2 :  0.786 0.006 0.207 
521   FRH021    (0)    2 :  0.579 0.019 0.402 
522   FRH022    (0)    2 :  0.092 0.005 0.903 
523   FRH023    (0)    2 :  0.903 0.005 0.092 
524   FRH024    (0)    2 :  0.552 0.365 0.083 
525   FRH025    (1)    2 :  0.121 0.006 0.873 
526   FRH026    (0)    2 :  0.057 0.006 0.938 
527   FRH027    (0)    2 :  0.236 0.010 0.755 
528   FRH028    (0)    2 :  0.475 0.004 0.521 
529   FRH029    (1)    2 :  0.881 0.012 0.107 
530   FRH030    (0)    2 :  0.310 0.005 0.686 
531   FRH031    (0)    2 :  0.140 0.006 0.854 
532   FRH032    (1)    2 :  0.924 0.017 0.059 
533   FRH033    (0)    2 :  0.090 0.007 0.903 
534   FRH034    (3)    2 :  0.478 0.018 0.503 
535   FRH035    (0)    2 :  0.473 0.006 0.521 
536   FRH036    (0)    2 :  0.384 0.036 0.580 
537   FRH037    (0)    2 :  0.640 0.005 0.356 
538   FRH038    (0)    2 :  0.549 0.007 0.444 
539   FRH039    (0)    2 :  0.736 0.006 0.258 
540   FRH040    (0)    2 :  0.572 0.007 0.421 
541   FRH041    (0)    2 :  0.482 0.017 0.501 
542   FRH042    (2)    2 :  0.811 0.022 0.167 
543   FRH043    (0)    2 :  0.128 0.010 0.863 
544   FRH044    (0)    2 :  0.471 0.198 0.332 
545   FRH045    (0)    2 :  0.610 0.010 0.380 
546   FRH046    (0)    2 :  0.238 0.011 0.751 
547   FRH047    (0)    2 :  0.824 0.008 0.167 
548   FRH048    (0)    2 :  0.042 0.018 0.940 
549   FRH049    (0)    2 :  0.543 0.010 0.447 
550   FRH050    (0)    2 :  0.689 0.009 0.302 
551   FRH001    (0)    2 :  0.043 0.006 0.951 
552   FRH002    (0)    2 :  0.696 0.006 0.298 
553   FRH003    (0)    2 :  0.868 0.005 0.127 
554   FRH004    (0)    2 :  0.984 0.006 0.011 
555   FRH005    (0)    2 :  0.463 0.044 0.492 
556   FRH006    (0)    2 :  0.658 0.009 0.333 
557   FRH007    (0)    2 :  0.088 0.005 0.906 
558   FRH008    (0)    2 :  0.522 0.008 0.469 
559   FRH009    (0)    2 :  0.057 0.005 0.939 
560   FRH010    (0)    2 :  0.239 0.032 0.730 
561   FRH011    (1)    2 :  0.281 0.006 0.713 
562   FRH012    (0)    2 :  0.291 0.099 0.610 
563   FRH013    (0)    2 :  0.024 0.004 0.971 
564   FRH014    (0)    2 :  0.782 0.005 0.213 
565   FRH015    (0)    2 :  0.026 0.005 0.969 
566   FRH016    (0)    2 :  0.250 0.023 0.728 
567   FRH017    (0)    2 :  0.716 0.018 0.265 
568   FRH018    (0)    2 :  0.970 0.007 0.023 
569   FRH019    (0)    2 :  0.414 0.035 0.551 
570   FRH020    (0)    2 :  0.572 0.075 0.353 
571   FRH021    (0)    2 :  0.890 0.031 0.079 
572   FRH022    (0)    2 :  0.953 0.010 0.037 
573   FRH023    (0)    2 :  0.365 0.079 0.556 
574   FRH024    (2)    2 :  0.330 0.115 0.555 
575   FRH025    (1)    2 :  0.957 0.022 0.021 
576   FRH026    (0)    2 :  0.794 0.069 0.137 
577   FRH027    (0)    2 :  0.014 0.005 0.981 
578   FRH028    (0)    2 :  0.720 0.006 0.274 
579   FRH029    (0)    2 :  0.787 0.062 0.151 
580   FRH030    (1)    2 :  0.799 0.038 0.163 
581   FRH031    (0)    2 :  0.608 0.010 0.382 
582   FRH032    (1)    2 :  0.098 0.005 0.897 
583   FRH033    (1)    2 :  0.933 0.007 0.059 
584   FRH034    (1)    2 :  0.704 0.008 0.288 
585   FRH035    (1)    2 :  0.560 0.016 0.424 
586   FRH036    (0)    2 :  0.978 0.010 0.013 
587   FRH037    (1)    2 :  0.129 0.018 0.853 
588   FRH038    (0)    2 :  0.967 0.010 0.023 
589   FRH039    (0)    2 :  0.975 0.004 0.022 
590   FRH040    (0)    2 :  0.847 0.018 0.135 
591   FRH041    (0)    2 :  0.724 0.010 0.265 
592   FRH042    (0)    2 :  0.051 0.030 0.919 
593   FRH043    (0)    2 :  0.225 0.004 0.771 
594   FRH044    (0)    2 :  0.560 0.014 0.426 
595   FRH045    (3)    2 :  0.797 0.073 0.130 
596   FRH046    (0)    2 :  0.906 0.029 0.065 
597   FRH047    (0)    2 :  0.208 0.043 0.748 
598   FRH048    (0)    2 :  0.939 0.012 0.049 
599   FRH049    (0)    2 :  0.539 0.019 0.442 
600   FRH050    (1)    2 :  0.326 0.335 0.339 
601   FRH001    (0)    2 :  0.961 0.015 0.024 
602   FRH002    (0)    2 :  0.883 0.005 0.112 
603   FRH003    (0)    2 :  0.295 0.012 0.693 
604   FRH004    (1)    2 :  0.951 0.006 0.043 
605   FRH005    (0)    2 :  0.859 0.004 0.136 
606   FRH006    (0)    2 :  0.305 0.007 0.688 
607   FRH007    (1)    2 :  0.689 0.011 0.300 
608   FRH008    (0)    2 :  0.324 0.229 0.447 
609   FRH009    (0)    2 :  0.887 0.011 0.102 
610   FRH010    (0)    2 :  0.022 0.137 0.840 
611   FRH011    (0)    2 :  0.665 0.026 0.309 
612   FRH012    (0)    2 :  0.431 0.018 0.550 
613   FRH013    (0)    2 :  0.402 0.014 0.583 
614   FRH014    (1)    2 :  0.212 0.025 0.763 
615   FRH015    (1)    2 :  0.334 0.011 0.655 
616   FRH016    (0)    2 :  0.188 0.010 0.803 
617   FRH017    (1)    2 :  0.131 0.010 0.859 
618   FRH018    (0)    2 :  0.266 0.006 0.728 
619   FRH019    (0)    2 :  0.798 0.034 0.168 
620   FRH020    (0)    2 :  0.112 0.005 0.883 
621   FRH021    (0)    2 :  0.288 0.101 0.611 
622   FRH022    (0)    2 :  0.873 0.044 0.082 
623   FRH023    (0)    2 :  0.591 0.007 0.401 
624   FRH024    (0)    2 :  0.514 0.009 0.477 
625   FRH025    (0)    2 :  0.084 0.004 0.912 
626   FRH026    (0)    2 :  0.591 0.044 0.366 
627   FRH027    (0)    2 :  0.203 0.011 0.786 
628   FRH028    (1)    2 :  0.527 0.003 0.470 
629   FRH029    (0)    2 :  0.239 0.020 0.741 
630   FRH030    (0)    2 :  0.204 0.050 0.747 
631   FRH031    (0)    2 :  0.281 0.031 0.688 
632   FRH032    (1)    2 :  0.234 0.004 0.762 
633   FRH033    (0)    2 :  0.290 0.010 0.700 
634   FRH034    (1)    2 :  0.601 0.016 0.382 
635   FRH035    (0)    2 :  0.931 0.011 0.058 
636   FRH036    (0)    2 :  0.467 0.153 0.379 
637   FRH037    (0)    2 :  0.163 0.009 0.829 
638   FRH038    (0)    2 :  0.060 0.011 0.928 
639   FRH039    (0)    2 :  0.920 0.014 0.066 
640   FRH040    (0)    2 :  0.163 0.012 0.825 
641   FRH041    (0)    2 :  0.975 0.004 0.021 
642   FRH042    (0)    2 :  0.089 0.009 0.901 
643   FRH043    (0)    2 :  0.544 0.014 0.442 
644   FRH044    (0)    2 :  0.239 0.052 0.709 
645   FRH045    (0)    2 :  0.031 0.002 0.966 
646   FRH046    (0)    2 :  0.208 0.014 0.778 
647   FRH047    (0)    2 :  0.450 0.037 0.514 
648   FRH048    (1)    2 :  0.607 0.012 0.381 
649   FRH049    (0)    2 :  0.397 0.090 0.513 
650   FRH050    (0)    2 :  0.052 0.011 0.937 
651   FRH001    (1)    2 :  0.478 0.013 0.510 
652   FRH002    (1)    2 :  0.951 0.006 0.043 
653   FRH003    (0)    2 :  0.973 0.007 0.020 
654   FRH004    (0)    2 :  0.344 0.035 0.621 
655   FRH005    (0)    2 :  0.892 0.032 0.076 
656   FRH006    (2)    2 :  0.341 0.109 0.551 
657   FRH007    (0)    2 :  0.684 0.039 0.277 
658   FRH008    (0)    2 :  0.022 0.016 0.962 
659   FRH009    (1)    2 :  0.878 0.015 0.108 
660   FRH010    (0)    2 :  0.938 0.012 0.051 
661   FRH011    (0)    2 :  0.548 0.014 0.438 
662   FRH012    (0)    2 :  0.313 0.020 0.666 
663   FRH013    (0)    2 :  0.321 0.005 0.674 
664   FRH014    (1)    2 :  0.054 0.005 0.941 
665   FRH015    (0)    2 :  0.722 0.166 0.112 
666   FRH016    (0)    2 :  0.568 0.012 0.421 
667   FRH017    (0)    2 :  0.394 0.007 0.599 
668   FRH018    (1)    2 :  0.952 0.035 0.014 
669   FRH019    (0)    2 :  0.401 0.030 0.569 
670   FRH020    (0)    2 :  0.869 0.017 0.114 
671   FRH021    (1)    2 :  0.590 0.010 0.399 
672   FRH022    (9)    2 :  0.634 0.008 0.358 
673   FRH023    (0)    2 :  0.638 0.006 0.356 
674   FRH024    (0)    2 :  0.823 0.007 0.170 
675   FRH025    (0)    2 :  0.361 0.029 0.610 
676   FRH026    (0)    2 :  0.974 0.005 0.021 
677   FRH027    (1)    2 :  0.771 0.010 0.219 
678   FRH028    (0)    2 :  0.137 0.026 0.837 
679   FRH029    (0)    2 :  0.684 0.007 0.309 
680   FRH030    (0)    2 :  0.738 0.120 0.142 
681   FRH031    (0)    2 :  0.442 0.049 0.509 
682   FRH032    (0)    2 :  0.981 0.003 0.016 
683   FRH033    (0)    2 :  0.228 0.004 0.768 
684   FRH034    (2)    2 :  0.962 0.009 0.029 
685   FRH035    (2)    2 :  0.152 0.007 0.841 
686   FRH036    (1)    2 :  0.798 0.012 0.190 
687   FRH037    (0)    2 :  0.960 0.004 0.036 
688   FRH038    (0)    2 :  0.832 0.008 0.160 
689   FRH039    (0)    2 :  0.981 0.007 0.012 
690   FRH040    (0)    2 :  0.754 0.052 0.195 
691   FRH041    (0)    2 :  0.894 0.045 0.062 
692   FRH042    (0)    2 :  0.364 0.009 0.626 
693   FRH043    (1)    2 :  0.948 0.003 0.049 
694   FRH044    (0)    2 :  0.938 0.014 0.048 
695   FRH045    (0)    2 :  0.152 0.021 0.828 
696   FRH046    (0)    2 :  0.012 0.003 0.986 
697   FRH047    (0)    2 :  0.665 0.123 0.212 
698   FRH048    (1)    2 :  0.952 0.005 0.044 
699   FRH049    (0)    2 :  0.610 0.215 0.176 
700   FRH050    (0)    2 :  0.303 0.008 0.688 
701   FRH001    (1)    2 :  0.601 0.299 0.101 
702   FRH002    (0)    2 :  0.348 0.011 0.641 
703   FRH003    (0)    2 :  0.064 0.006 0.930 
704   FRH004    (0)    2 :  0.936 0.034 0.029 
705   FRH005    (1)    2 :  0.027 0.013 0.960 
706   FRH006    (2)    2 :  0.155 0.088 0.758 
707   FRH007    (0)    2 :  0.080 0.204 0.716 
708   FRH008    (0)    2 :  0.348 0.011 0.641 
709   FRH009    (0)    2 :  0.359 0.092 0.549 
710   FRH010    (0)    2 :  0.710 0.224 0.066 
711   FRH011    (0)    2 :  0.159 0.036 0.805 
712   FRH012    (0)    2 :  0.077 0.006 0.917 
713   FRH013    (0)    2 :  0.239 0.086 0.675 
714   FRH014    (0)    2 :  0.059 0.007 0.934 
715   FRH015    (0)    2 :  0.218 0.009 0.773 
716   FRH016    (0)    2 :  0.846 0.028 0.126 
717   FRH017    (0)    2 :  0.911 0.003 0.085 
718   FRH018    (2)    2 :  0.858 0.067 0.075 
719   FRH019    (0)    2 :  0.167 0.010 0.823 
720   FRH020    (5)    2 :  0.579 0.014 0.407 
721   FRH021    (0)    2 :  0.354 0.004 0.641 
722   FRH022    (0)    2 :  0.325 0.003 0.672 
723   FRH023    (1)    2 :  0.432 0.191 0.377 
724   FRH024    (0)    2 :  0.697 0.009 0.294 
725   FRH025    (2)    2 :  0.147 0.004 0.849 
726   FRH026    (0)    2 :  0.368 0.009 0.623 
727   FRH027    (1)    2 :  0.725 0.007 0.268 
728   FRH028    (0)    2 :  0.852 0.025 0.123 
729   FRH029    (0)    2 :  0.974 0.004 0.023 
730   FRH030    (1)    2 :  0.061 0.004 0.935 
731   FRH031    (0)    2 :  0.076 0.005 0.919 
732   FRH032    (0)    2 :  0.395 0.023 0.582 
733   FRH033    (0)    2 :  0.095 0.021 0.883 
734   FRH034    (0)    2 :  0.800 0.010 0.189 
735   FRH035    (0)    2 :  0.227 0.028 0.744 
736   FRH036    (0)    2 :  0.045 0.005 0.950 
737   FRH037    (1)    2 :  0.060 0.007 0.933 
738   FRH038    (1)    2 :  0.535 0.009 0.455 
739   FRH039    (0)    2 :  0.866 0.018 0.116 
740   FRH040    (0)    2 :  0.385 0.034 0.581 
741   FRH041    (0)    2 :  0.067 0.004 0.930 
742   FRH042    (0)    2 :  0.977 0.003 0.020 
743   FRH043    (8)    2 :  0.893 0.010 0.096 
744   FRH044    (0)    2 :  0.935 0.032 0.033 
745   FRH045    (0)    2 :  0.260 0.010 0.730 
746   FRH046    (0)    2 :  0.957 0.008 0.035 
747   FRH047    (0)    2 :  0.591 0.006 0.403 
748   FRH048    (0)    2 :  0.791 0.013 0.196 
749   FRH049    (0)    2 :  0.656 0.187 0.156 
750   FRH050    (0)    2 :  0.291 0.005 0.703 
751   FRH001    (0)    2 :  0.172 0.016 0.812 
752   FRH002    (1)    2 :  0.949 0.013 0.037 
753   FRH003    (0)    2 :  0.931 0.018 0.051 
754   FRH004    (1)    2 :  0.973 0.007 0.019 
755   FRH005    (1)    2 :  0.554 0.007 0.439 
756   FRH006    (1)    2 :  0.070 0.028 0.902 
757   FRH007    (1)    2 :  0.525 0.066 0.409 
758   FRH008    (0)    2 :  0.077 0.105 0.818 
759   FRH009    (1)    2 :  0.707 0.010 0.283 
760   FRH010    (1)    2 :  0.598 0.121 0.281 
761   FRH011    (1)    2 :  0.947 0.006 0.046 
762   FRH012    (1)    2 :  0.901 0.018 0.081 
763   FRH013    (0)    2 :  0.403 0.010 0.587 
764   FRH014    (0)    2 :  0.916 0.024 0.060 
765   FRH015    (0)    2 :  0.246 0.034 0.719 
766   FRH016    (0)    2 :  0.826 0.003 0.171 
767   FRH017    (1)    2 :  0.062 0.016 0.922 
768   FRH018    (0)    2 :  0.929 0.010 0.062 
769   FRH019    (0)    2 :  0.094 0.005 0.901 
770   FRH020    (0)    2 :  0.443 0.008 0.549 
771   FRH021    (0)    2 :  0.675 0.080 0.245 
772   FRH022    (1)    2 :  0.831 0.036 0.133 
773   FRH023    (1)    2 :  0.306 0.121 0.573 
774   FRH024    (0)    2 :  0.926 0.012 0.063 
775   FRH025    (0)    2 :  0.012 0.002 0.986 
776   FRH026    (0)    2 :  0.857 0.026 0.117 
777   FRH027    (0)    2 :  0.442 0.009 0.549 
778   FRH028    (1)    2 :  0.223 0.228 0.549 
779   FRH029    (0)    2 :  0.028 0.005 0.967 
780   FRH030    (0)    2 :  0.977 0.007 0.016 
781   FRH031    (1)    2 :  0.023 0.029 0.948 
782   FRH032    (3)    2 :  0.057 0.033 0.911 
783   FRH033    (0)    2 :  0.463 0.007 0.530 
784   FRH034    (0)    2 :  0.956 0.015 0.029 
785   FRH035    (0)    2 :  0.952 0.006 0.042 
786   FRH036    (0)    2 :  0.057 0.007 0.936 
787   FRH037    (2)    2 :  0.986 0.008 0.007 
788   FRH038    (0)    2 :  0.379 0.009 0.612 
789   FRH039    (0)    2 :  0.622 0.032 0.346 
790   FRH040    (0)    2 :  0.685 0.109 0.207 
791   FRH041    (0)    2 :  0.851 0.061 0.088 
792   FRH042    (0)    2 :  0.447 0.029 0.524 
793   FRH043    (0)    2 :  0.481 0.006 0.513 
794   FRH044    (1)    2 :  0.582 0.032 0.386 
795   FRH045    (0)    2 :  0.393 0.006 0.601 
796   FRH046    (0)    2 :  0.521 0.018 0.461 
797   FRH047    (0)    2 :  0.499 0.004 0.496 
798   FRH048    (0)    2 :  0.638 0.026 0.335 
799   FRH049    (0)    2 :  0.808 0.038 0.154 
800   FRH050    (0)    2 :  0.056 0.006 0.939 
801   FRH001    (0)    2 :  0.066 0.048 0.886 
802   FRH002    (0)    2 :  0.290 0.007 0.703 
803   FRH003    (1)    2 :  0.914 0.014 0.072 
804   FRH004    (0)    2 :  0.576 0.009 0.416 
805   FRH005    (0)    2 :  0.082 0.008 0.910 
806   FRH006    (0)    2 :  0.278 0.006 0.716 
807   FRH007    (1)    2 :  0.612 0.008 0.379 
808   FRH008    (0)    2 :  0.174 0.055 0.771 
809   FRH009    (0)    2 :  0.919 0.063 0.018 
810   FRH010    (0)    2 :  0.015 0.003 0.982 
811   FRH011    (1)    2 :  0.877 0.006 0.117 
812   FRH012    (0)    2 :  0.721 0.194 0.085 
