1 CH001_1 (0) 1 :  0.961 0.014 0.025
2 CH002_2 (0) 1 :  0.844 0.005 0.152
3 CH003_3 (0) 1 :  0.944 0.047 0.009
4 CH004_4 (1) 1 :  0.986 0.004 0.010
5 CH005_5 (1) 1 :  0.872 0.004 0.123
6 CH006_6 (0) 1 :  0.970 0.003 0.027
7 CH007_7 (0) 1 :  0.972 0.006 0.022
8 CH008_8 (0) 1 :  0.946 0.013 0.041
9 CH009_9 (1) 1 :  0.982 0.007 0.011
10 CH010_10 (0) 1 :  0.985 0.005 0.010
11 CH011_11 (0) 1 :  0.957 0.028 0.015
12 CH012_12 (1) 1 :  0.979 0.012 0.009
13 CH013_13 (2) 1 :  0.965 0.004 0.030
14 CH014_14 (0) 1 :  0.930 0.009 0.061
15 CH015_15 (0) 1 :  0.906 0.030 0.064
16 CH016_16 (0) 1 :  0.902 0.005 0.093
17 CH017_17 (1) 1 :  0.639 0.025 0.336
18 CH018_18 (0) 1 :  0.960 0.007 0.033
19 CH019_19 (0) 1 :  0.917 0.014 0.069
20 CH020_20 (0) 1 :  0.765 0.004 0.231
21 CH021_21 (3) 1 :  0.699 0.014 0.286
22 CH022_22 (0) 1 :  0.969 0.017 0.014
23 CH023_23 (0) 1 :  0.918 0.003 0.079
24 CH024_24 (0) 1 :  0.960 0.015 0.025
25 CH025_25 (0) 1 :  0.568 0.266 0.166
26 CH026_26 (0) 1 :  0.980 0.007 0.013
27 CH027_27 (0) 1 :  0.974 0.011 0.015
28 CH028_28 (0) 1 :  0.978 0.012 0.010
29 CH029_29 (0) 1 :  0.980 0.006 0.014
30 CH030_30 (0) 1 :  0.979 0.003 0.018
31 CH031_31 (1) 1 :  0.974 0.006 0.021
32 CH032_32 (0) 1 :  0.969 0.005 0.026
33 CH033_33 (2) 1 :  0.976 0.009 0.015
34 CH034_34 (0) 1 :  0.540 0.244 0.217
35 CH035_35 (0) 1 :  0.951 0.009 0.040
36 CH036_36 (0) 1 :  0.290 0.035 0.675
37 CH037_37 (0) 1 :  0.876 0.013 0.110
38 CH038_38 (0) 1 :  0.971 0.005 0.024
39 CH039_39 (0) 1 :  0.860 0.031 0.109
40 CH040_40 (0) 1 :  0.988 0.006 0.006
41 CH041_41 (0) 1 :  0.976 0.010 0.014
42 CH042_42 (0) 1 :  0.974 0.011 0.015
43 CH043_43 (0) 1 :  0.964 0.016 0.020
44 CH044_44 (0) 1 :  0.855 0.010 0.135
45 CH045_45 (0) 1 :  0.974 0.004 0.022
46 CH046_46 (0) 1 :  0.928 0.052 0.020
47 CH047_47 (0) 1 :  0.916 0.025 0.059
48 CH048_48 (1) 1 :  0.788 0.005 0.207
49 CH049_49 (0) 1 :  0.927 0.011 0.062
50 CH050_50 (0) 1 :  0.983 0.007 0.011
51 CH001_51 (0) 1 :  0.978 0.006 0.016
52 CH002_52 (0) 1 :  0.981 0.010 0.009
53 CH003_53 (1) 1 :  0.548 0.005 0.447
54 CH004_54 (0) 1 :  0.967 0.010 0.022
55 CH005_55 (0) 1 :  0.986 0.003 0.011
56 CH006_56 (0) 1 :  0.970 0.013 0.018
57 CH007_57 (0) 1 :  0.975 0.012 0.013
58 CH008_58 (0) 1 :  0.984 0.007 0.009
59 CH009_59 (1) 1 :  0.932 0.028 0.039
60 CH010_60 (0) 1 :  0.979 0.011 0.010
61 CH011_61 (0) 1 :  0.965 0.009 0.026
62 CH012_62 (0) 1 :  0.933 0.024 0.043
63 CH013_63 (0) 1 :  0.981 0.009 0.010
64 CH014_64 (0) 1 :  0.952 0.025 0.023
65 CH015_65 (0) 1 :  0.945 0.044 0.011
66 CH016_66 (0) 1 :  0.977 0.008 0.014
67 CH017_67 (0) 1 :  0.983 0.007 0.010
68 CH018_68 (1) 1 :  0.930 0.004 0.066
69 CH019_69 (0) 1 :  0.577 0.005 0.417
70 CH020_70 (0) 1 :  0.948 0.021 0.031
71 CH021_71 (1) 1 :  0.587 0.017 0.396
72 CH022_72 (0) 1 :  0.937 0.011 0.052
73 CH023_73 (0) 1 :  0.824 0.004 0.173
74 CH024_74 (0) 1 :  0.979 0.006 0.015
75 CH025_75 (0) 1 :  0.957 0.026 0.017
76 CH026_76 (0) 1 :  0.957 0.005 0.038
77 CH027_77 (0) 1 :  0.953 0.012 0.035
78 CH028_78 (0) 1 :  0.923 0.043 0.034
79 CH029_79 (0) 1 :  0.581 0.006 0.413
80 CH030_80 (1) 1 :  0.978 0.005 0.016
81 CH031_81 (0) 1 :  0.856 0.006 0.138
82 CH032_82 (0) 1 :  0.979 0.006 0.015
83 CH033_83 (9) 1 :  0.974 0.008 0.017
84 CH034_84 (0) 1 :  0.929 0.047 0.023
85 CH035_85 (0) 1 :  0.560 0.006 0.434
86 CH036_86 (0) 1 :  0.662 0.005 0.333
87 CH037_87 (0) 1 :  0.981 0.004 0.015
88 CH038_88 (0) 1 :  0.921 0.006 0.073
89 CH039_89 (0) 1 :  0.979 0.015 0.006
90 CH040_90 (0) 1 :  0.935 0.041 0.024
91 CH041_91 (0) 1 :  0.973 0.004 0.023
92 CH042_92 (0) 1 :  0.962 0.005 0.032
93 CH043_93 (0) 1 :  0.889 0.011 0.100
94 CH044_94 (0) 1 :  0.983 0.009 0.008
95 CH045_95 (0) 1 :  0.966 0.006 0.028
96 CH046_96 (0) 1 :  0.976 0.003 0.021
97 CH047_97 (0) 1 :  0.800 0.023 0.177
98 CH048_98 (0) 1 :  0.858 0.050 0.092
99 CH049_99 (0) 1 :  0.834 0.004 0.162
100 CH050_100 (0) 1 :  0.920 0.024 0.056
101 CH001_101 (0) 1 :  0.074 0.374 0.552
102 CH002_102 (0) 1 :  0.793 0.007 0.200
103 CH003_103 (0) 1 :  0.962 0.006 0.032
104 CH004_104 (0) 1 :  0.966 0.020 0.014
105 CH005_105 (0) 1 :  0.984 0.010 0.006
106 CH006_106 (0) 1 :  0.947 0.003 0.050
107 CH007_107 (0) 1 :  0.879 0.010 0.111
108 CH008_108 (1) 1 :  0.974 0.006 0.020
109 CH009_109 (0) 1 :  0.949 0.017 0.034
110 CH010_110 (1) 1 :  0.908 0.003 0.089
111 CH011_111 (1) 1 :  0.986 0.005 0.009
112 CH012_112 (0) 1 :  0.942 0.047 0.011
113 CH013_113 (2) 1 :  0.914 0.059 0.026
114 CH014_114 (0) 1 :  0.859 0.023 0.118
115 CH015_115 (0) 1 :  0.494 0.008 0.498
116 CH016_116 (0) 1 :  0.870 0.013 0.117
117 CH017_117 (2) 1 :  0.972 0.012 0.016
118 CH018_118 (0) 1 :  0.917 0.055 0.028
119 CH019_119 (1) 1 :  0.925 0.020 0.055
120 CH020_120 (0) 1 :  0.964 0.008 0.028
121 CH021_121 (0) 1 :  0.983 0.006 0.011
122 CH022_122 (4) 1 :  0.988 0.005 0.008
123 CH023_123 (0) 1 :  0.980 0.005 0.014
124 CH024_124 (0) 1 :  0.968 0.008 0.024
125 CH025_125 (0) 1 :  0.842 0.049 0.110
126 CH026_126 (0) 1 :  0.947 0.007 0.045
127 CH027_127 (0) 1 :  0.882 0.042 0.077
128 CH028_128 (0) 1 :  0.960 0.003 0.038
129 CH029_129 (0) 1 :  0.959 0.013 0.029
130 CH030_130 (0) 1 :  0.787 0.006 0.207
131 CH031_131 (0) 1 :  0.922 0.009 0.068
132 CH032_132 (0) 1 :  0.655 0.007 0.337
133 CH033_133 (0) 1 :  0.938 0.036 0.026
134 CH034_134 (0) 1 :  0.981 0.005 0.014
135 CH035_135 (0) 1 :  0.829 0.149 0.023
136 CH036_136 (0) 1 :  0.964 0.016 0.020
137 CH037_137 (0) 1 :  0.875 0.013 0.112
138 CH038_138 (0) 1 :  0.961 0.010 0.029
139 CH039_139 (0) 1 :  0.969 0.017 0.014
140 CH040_140 (0) 1 :  0.987 0.005 0.008
141 CH041_141 (0) 1 :  0.945 0.035 0.020
142 CH042_142 (0) 1 :  0.947 0.015 0.037
143 CH043_143 (0) 1 :  0.969 0.005 0.026
144 CH044_144 (0) 1 :  0.914 0.006 0.079
145 CH045_145 (0) 1 :  0.986 0.006 0.008
146 CH046_146 (0) 1 :  0.648 0.005 0.347
147 CH047_147 (0) 1 :  0.880 0.034 0.086
148 CH048_148 (0) 1 :  0.974 0.006 0.020
149 CH049_149 (0) 1 :  0.966 0.015 0.019
150 CH050_150 (0) 1 :  0.786 0.021 0.193
151 CH001_151 (0) 1 :  0.945 0.004 0.051
152 CH002_152 (0) 1 :  0.983 0.004 0.013
153 CH003_153 (1) 1 :  0.697 0.011 0.292
154 CH004_154 (0) 1 :  0.922 0.007 0.071
155 CH005_155 (0) 1 :  0.971 0.008 0.022
156 CH006_156 (0) 1 :  0.826 0.161 0.013
157 CH007_157 (0) 1 :  0.966 0.005 0.029
158 CH008_158 (1) 1 :  0.393 0.008 0.599
159 CH009_159 (0) 1 :  0.770 0.018 0.212
160 CH010_160 (0) 1 :  0.934 0.028 0.038
161 CH011_161 (0) 1 :  0.910 0.012 0.079
162 CH012_162 (0) 1 :  0.928 0.055 0.017
163 CH013_163 (0) 1 :  0.802 0.184 0.014
164 CH014_164 (0) 1 :  0.969 0.011 0.021
165 CH015_165 (0) 1 :  0.930 0.010 0.060
166 CH016_166 (0) 1 :  0.981 0.011 0.008
167 CH017_167 (0) 1 :  0.956 0.005 0.039
168 CH018_168 (0) 1 :  0.953 0.005 0.042
169 CH019_169 (0) 1 :  0.428 0.013 0.559
170 CH020_170 (0) 1 :  0.910 0.010 0.079
171 CH021_171 (2) 1 :  0.889 0.009 0.102
172 CH022_172 (0) 1 :  0.739 0.031 0.230
173 CH023_173 (0) 1 :  0.984 0.004 0.012
174 CH024_174 (0) 1 :  0.892 0.019 0.090
175 CH025_175 (0) 1 :  0.951 0.021 0.029
176 CH026_176 (0) 1 :  0.784 0.011 0.205
177 CH027_177 (0) 1 :  0.411 0.016 0.573
178 CH028_178 (1) 1 :  0.943 0.026 0.030
179 CH029_179 (0) 1 :  0.960 0.003 0.037
180 CH030_180 (0) 1 :  0.963 0.015 0.022
181 CH031_181 (0) 1 :  0.896 0.080 0.025
182 CH032_182 (0) 1 :  0.514 0.006 0.479
183 CH033_183 (0) 1 :  0.982 0.009 0.009
184 CH034_184 (0) 1 :  0.959 0.008 0.033
185 CH035_185 (0) 1 :  0.890 0.004 0.106
186 CH036_186 (0) 1 :  0.864 0.005 0.130
187 CH037_187 (0) 1 :  0.947 0.006 0.047
188 CH038_188 (0) 1 :  0.942 0.015 0.043
189 CH039_189 (0) 1 :  0.689 0.004 0.307
190 CH040_190 (0) 1 :  0.979 0.007 0.014
191 CH041_191 (0) 1 :  0.931 0.063 0.007
192 CH042_192 (0) 1 :  0.748 0.006 0.247
193 CH043_193 (0) 1 :  0.980 0.003 0.018
194 CH044_194 (0) 1 :  0.928 0.009 0.063
195 CH045_195 (0) 1 :  0.318 0.480 0.202
196 CH046_196 (1) 1 :  0.932 0.008 0.060
197 CH047_197 (0) 1 :  0.963 0.005 0.032
198 CH048_198 (0) 1 :  0.956 0.023 0.020
199 CH049_199 (1) 1 :  0.972 0.016 0.012
200 CH050_200 (0) 1 :  0.973 0.006 0.021
201 CH001_201 (0) 1 :  0.878 0.004 0.117
202 CH002_202 (0) 1 :  0.728 0.042 0.230
203 CH003_203 (2) 1 :  0.791 0.079 0.130
204 CH004_204 (0) 1 :  0.793 0.014 0.192
205 CH005_205 (0) 1 :  0.885 0.018 0.097
206 CH006_206 (1) 1 :  0.926 0.024 0.050
207 CH007_207 (0) 1 :  0.631 0.010 0.359
208 CH008_208 (1) 1 :  0.897 0.037 0.065
209 CH009_209 (0) 1 :  0.966 0.007 0.027
210 CH010_210 (1) 1 :  0.923 0.013 0.064
211 CH011_211 (0) 1 :  0.907 0.027 0.066
212 CH012_212 (5) 1 :  0.607 0.005 0.388
213 CH013_213 (1) 1 :  0.955 0.008 0.038
214 CH014_214 (0) 1 :  0.959 0.030 0.011
215 CH015_215 (0) 1 :  0.956 0.005 0.039
216 CH016_216 (0) 1 :  0.665 0.006 0.329
217 CH017_217 (0) 1 :  0.928 0.006 0.066
218 CH018_218 (0) 1 :  0.797 0.010 0.194
219 CH019_219 (0) 1 :  0.977 0.013 0.010
220 CH020_220 (0) 1 :  0.909 0.005 0.085
221 CH021_221 (0) 1 :  0.965 0.004 0.031
222 CH022_222 (1) 1 :  0.907 0.037 0.056
223 CH023_223 (0) 1 :  0.955 0.004 0.041
224 CH024_224 (0) 1 :  0.790 0.004 0.206
225 CH025_225 (1) 1 :  0.943 0.011 0.047
226 CH026_226 (0) 1 :  0.979 0.006 0.015
227 CH027_227 (2) 1 :  0.967 0.018 0.015
228 CH028_228 (0) 1 :  0.949 0.040 0.011
229 CH029_229 (0) 1 :  0.971 0.008 0.021
230 CH030_230 (0) 1 :  0.925 0.006 0.069
231 CH031_231 (0) 1 :  0.985 0.005 0.010
232 CH032_232 (0) 1 :  0.540 0.055 0.405
233 CH033_233 (1) 1 :  0.540 0.012 0.448
234 CH034_234 (1) 1 :  0.818 0.012 0.170
235 CH035_235 (0) 1 :  0.962 0.026 0.012
236 CH036_236 (0) 1 :  0.975 0.005 0.020
237 CH037_237 (3) 1 :  0.806 0.044 0.150
238 CH038_238 (0) 1 :  0.978 0.012 0.010
239 CH039_239 (0) 1 :  0.682 0.016 0.302
240 CH040_240 (0) 1 :  0.757 0.118 0.125
241 CH041_241 (0) 1 :  0.984 0.006 0.010
242 CH042_242 (0) 1 :  0.954 0.007 0.040
243 CH043_243 (1) 1 :  0.969 0.020 0.011
244 CH044_244 (0) 1 :  0.847 0.028 0.125
245 CH045_245 (1) 1 :  0.926 0.006 0.069
246 CH046_246 (0) 1 :  0.955 0.013 0.032
247 CH047_247 (0) 1 :  0.961 0.008 0.031
248 CH048_248 (0) 1 :  0.941 0.010 0.049
249 CH049_249 (0) 1 :  0.728 0.021 0.251
250 CH050_250 (0) 1 :  0.973 0.012 0.015
251 CH001_251 (0) 1 :  0.986 0.005 0.008
252 CH002_252 (0) 1 :  0.968 0.006 0.026
253 CH003_253 (0) 1 :  0.984 0.008 0.008
254 CH004_254 (0) 1 :  0.969 0.011 0.019
255 CH005_255 (0) 1 :  0.980 0.009 0.011
256 CH006_256 (0) 1 :  0.929 0.017 0.054
257 CH007_257 (0) 1 :  0.912 0.039 0.049
258 CH008_258 (0) 1 :  0.952 0.026 0.021
259 CH009_259 (1) 1 :  0.887 0.023 0.090
260 CH010_260 (0) 1 :  0.836 0.005 0.159
261 CH011_261 (7) 1 :  0.972 0.020 0.008
262 CH012_262 (1) 1 :  0.937 0.006 0.058
263 CH013_263 (0) 1 :  0.962 0.012 0.026
264 CH014_264 (0) 1 :  0.953 0.031 0.016
265 CH015_265 (0) 1 :  0.985 0.008 0.007
266 CH016_266 (1) 1 :  0.975 0.008 0.017
267 CH017_267 (0) 1 :  0.979 0.010 0.010
268 CH018_268 (0) 1 :  0.962 0.005 0.034
269 CH019_269 (0) 1 :  0.945 0.009 0.046
270 CH020_270 (0) 1 :  0.976 0.006 0.019
271 CH021_271 (0) 1 :  0.971 0.013 0.016
272 CH022_272 (1) 1 :  0.972 0.021 0.008
273 CH023_273 (0) 1 :  0.958 0.029 0.013
274 CH024_274 (0) 1 :  0.946 0.022 0.032
275 CH025_275 (0) 1 :  0.973 0.007 0.020
276 CH026_276 (1) 1 :  0.985 0.011 0.004
277 CH027_277 (0) 1 :  0.717 0.006 0.276
278 CH028_278 (0) 1 :  0.973 0.009 0.018
279 CH029_279 (0) 1 :  0.927 0.009 0.063
280 CH030_280 (0) 1 :  0.978 0.008 0.014
281 CH031_281 (3) 1 :  0.843 0.005 0.152
282 CH032_282 (1) 1 :  0.626 0.009 0.365
283 CH033_283 (0) 1 :  0.736 0.007 0.257
284 CH034_284 (4) 1 :  0.971 0.004 0.025
285 CH035_285 (0) 1 :  0.018 0.005 0.978
286 CH036_286 (0) 1 :  0.986 0.003 0.011
287 CH037_287 (0) 1 :  0.976 0.012 0.012
288 CH038_288 (0) 1 :  0.512 0.194 0.294
289 CH039_289 (0) 1 :  0.332 0.005 0.663
290 CH040_290 (1) 1 :  0.958 0.015 0.028
291 CH041_291 (2) 1 :  0.976 0.004 0.021
292 CH042_292 (0) 1 :  0.766 0.018 0.217
293 CH043_293 (8) 1 :  0.766 0.003 0.231
294 CH044_294 (2) 1 :  0.791 0.008 0.201
295 CH045_295 (1) 1 :  0.973 0.008 0.019
296 CH046_296 (0) 1 :  0.943 0.008 0.049
297 CH047_297 (1) 1 :  0.968 0.013 0.019
298 CH048_298 (0) 1 :  0.951 0.021 0.028
299 CH049_299 (0) 1 :  0.966 0.003 0.031
300 CH050_300 (1) 1 :  0.983 0.003 0.014
301 CH001_301 (0) 1 :  0.983 0.004 0.013
302 CH002_302 (0) 1 :  0.889 0.013 0.098
303 CH003_303 (0) 1 :  0.978 0.007 0.016
304 CH004_304 (0) 1 :  0.970 0.009 0.021
305 CH005_305 (0) 1 :  0.866 0.067 0.067
306 CH006_306 (0) 1 :  0.920 0.059 0.020
307 CH007_307 (0) 1 :  0.933 0.007 0.060
308 CH008_308 (1) 1 :  0.803 0.009 0.187
309 CH009_309 (0) 1 :  0.815 0.008 0.177
310 CH010_310 (0) 1 :  0.978 0.003 0.019
311 CH011_311 (1) 1 :  0.964 0.016 0.019
312 CH012_312 (0) 1 :  0.986 0.004 0.009
313 CH013_313 (1) 1 :  0.933 0.011 0.056
314 CH014_314 (0) 1 :  0.935 0.004 0.061
315 CH015_315 (1) 1 :  0.984 0.004 0.011
316 CH016_316 (0) 1 :  0.915 0.056 0.028
317 CH017_317 (1) 1 :  0.809 0.016 0.175
318 CH018_318 (0) 1 :  0.954 0.031 0.015
319 CH019_319 (0) 1 :  0.960 0.028 0.012
320 CH020_320 (0) 1 :  0.928 0.006 0.066
321 CH021_321 (0) 1 :  0.761 0.027 0.212
322 CH022_322 (0) 1 :  0.982 0.009 0.009
323 CH023_323 (0) 1 :  0.933 0.018 0.049
324 CH024_324 (0) 1 :  0.964 0.009 0.026
325 CH025_325 (0) 1 :  0.982 0.007 0.011
326 CH026_326 (0) 1 :  0.984 0.007 0.008
327 CH027_327 (0) 1 :  0.986 0.007 0.007
328 CH028_328 (0) 1 :  0.979 0.009 0.011
329 CH029_329 (0) 1 :  0.981 0.009 0.010
330 CH030_330 (0) 1 :  0.254 0.008 0.739
331 CH031_331 (3) 1 :  0.956 0.029 0.015
332 CH032_332 (1) 1 :  0.790 0.023 0.187
333 CH033_333 (1) 1 :  0.876 0.036 0.089
334 CH034_334 (0) 1 :  0.755 0.018 0.227
335 CH035_335 (0) 1 :  0.962 0.019 0.019
336 CH036_336 (2) 1 :  0.984 0.008 0.008
337 CH037_337 (0) 1 :  0.963 0.016 0.021
338 CH038_338 (0) 1 :  0.858 0.012 0.131
339 CH039_339 (0) 1 :  0.887 0.102 0.010
340 CH040_340 (0) 1 :  0.971 0.019 0.011
341 CH041_341 (1) 1 :  0.937 0.007 0.056
342 CH042_342 (0) 1 :  0.936 0.033 0.031
343 CH043_343 (2) 1 :  0.893 0.015 0.092
344 CH044_344 (1) 1 :  0.438 0.200 0.362
345 CH045_345 (7) 1 :  0.569 0.004 0.427
346 CH046_346 (0) 1 :  0.882 0.004 0.115
347 CH047_347 (0) 1 :  0.988 0.007 0.006
348 CH048_348 (2) 1 :  0.734 0.004 0.261
349 CH049_349 (0) 1 :  0.981 0.012 0.007
350 CH050_350 (0) 1 :  0.878 0.004 0.118
351 CH001_351 (0) 1 :  0.832 0.009 0.159
352 CH002_352 (1) 1 :  0.910 0.014 0.076
353 CH003_353 (0) 1 :  0.666 0.009 0.325
354 CH004_354 (1) 1 :  0.890 0.003 0.107
355 CH005_355 (0) 1 :  0.976 0.003 0.020
356 CH006_356 (1) 1 :  0.174 0.012 0.814
357 CH007_357 (0) 1 :  0.879 0.016 0.105
358 CH008_358 (0) 1 :  0.961 0.031 0.008
359 CH009_359 (1) 1 :  0.931 0.024 0.045
360 CH010_360 (2) 1 :  0.921 0.007 0.072
361 CH011_361 (1) 1 :  0.969 0.018 0.013
362 CH012_362 (0) 1 :  0.954 0.026 0.019
363 CH013_363 (0) 1 :  0.978 0.014 0.008
364 CH014_364 (0) 1 :  0.921 0.004 0.074
365 CH015_365 (0) 1 :  0.936 0.018 0.047
366 CH016_366 (0) 1 :  0.937 0.038 0.025
367 CH017_367 (1) 1 :  0.978 0.005 0.017
368 CH018_368 (0) 1 :  0.972 0.011 0.016
369 CH019_369 (0) 1 :  0.972 0.011 0.018
370 CH020_370 (0) 1 :  0.859 0.053 0.088
371 CH021_371 (0) 1 :  0.651 0.056 0.294
372 CH022_372 (0) 1 :  0.969 0.009 0.021
373 CH023_373 (1) 1 :  0.989 0.004 0.007
374 CH024_374 (0) 1 :  0.943 0.008 0.049
375 CH025_375 (0) 1 :  0.978 0.010 0.012
376 CH026_376 (0) 1 :  0.150 0.006 0.844
377 CH027_377 (0) 1 :  0.931 0.008 0.061
378 CH028_378 (0) 1 :  0.965 0.010 0.024
379 CH029_379 (0) 1 :  0.602 0.013 0.384
380 CH030_380 (1) 1 :  0.987 0.007 0.006
381 CH031_381 (0) 1 :  0.978 0.006 0.016
382 CH032_382 (0) 1 :  0.344 0.009 0.647
383 CH033_383 (1) 1 :  0.794 0.017 0.189
384 CH034_384 (0) 1 :  0.580 0.009 0.411
385 CH035_385 (0) 1 :  0.925 0.055 0.020
386 CH036_386 (0) 1 :  0.953 0.028 0.020
387 CH037_387 (1) 1 :  0.967 0.006 0.027
388 CH038_388 (0) 1 :  0.968 0.019 0.013
389 CH039_389 (0) 1 :  0.979 0.009 0.012
390 CH040_390 (0) 1 :  0.934 0.003 0.063
391 CH041_391 (0) 1 :  0.853 0.031 0.116
392 CH042_392 (0) 1 :  0.949 0.003 0.047
393 CH043_393 (0) 1 :  0.892 0.006 0.102
394 CH044_394 (0) 1 :  0.949 0.003 0.048
395 CH045_395 (0) 1 :  0.977 0.007 0.015
396 CH046_396 (0) 1 :  0.254 0.004 0.743
397 CH047_397 (0) 1 :  0.961 0.009 0.029
398 CH048_398 (1) 1 :  0.937 0.006 0.056
399 CH049_399 (0) 1 :  0.951 0.004 0.045
400 CH050_400 (0) 1 :  0.411 0.485 0.103
401 CH001_401 (0) 1 :  0.934 0.006 0.060
402 CH002_402 (2) 1 :  0.895 0.011 0.094
403 CH003_403 (2) 1 :  0.982 0.008 0.010
404 CH004_404 (0) 1 :  0.922 0.008 0.071
405 CH005_405 (0) 1 :  0.961 0.028 0.010
406 CH006_406 (1) 1 :  0.976 0.002 0.022
407 CH007_407 (1) 1 :  0.979 0.013 0.008
408 CH008_408 (1) 1 :  0.987 0.005 0.008
409 CH009_409 (0) 1 :  0.941 0.007 0.052
410 CH010_410 (0) 1 :  0.443 0.083 0.474
411 CH011_411 (0) 1 :  0.747 0.043 0.210
412 CH012_412 (1) 1 :  0.978 0.005 0.017
413 CH013_413 (0) 1 :  0.968 0.017 0.015
414 CH014_414 (2) 1 :  0.966 0.024 0.010
415 CH015_415 (0) 1 :  0.900 0.003 0.097
416 CH016_416 (1) 1 :  0.917 0.005 0.078
417 CH017_417 (0) 1 :  0.951 0.009 0.040
418 CH018_418 (0) 1 :  0.974 0.015 0.011
419 CH019_419 (0) 1 :  0.970 0.014 0.016
420 CH020_420 (0) 1 :  0.953 0.040 0.007
421 CH021_421 (0) 1 :  0.934 0.007 0.059
422 CH022_422 (0) 1 :  0.955 0.022 0.024
423 CH023_423 (1) 1 :  0.960 0.005 0.035
424 CH024_424 (0) 1 :  0.937 0.006 0.057
425 CH025_425 (1) 1 :  0.985 0.004 0.011
426 CH026_426 (0) 1 :  0.961 0.016 0.023
427 CH027_427 (2) 1 :  0.988 0.005 0.007
428 CH028_428 (0) 1 :  0.854 0.138 0.008
429 CH029_429 (0) 1 :  0.973 0.003 0.024
430 CH030_430 (0) 1 :  0.973 0.009 0.018
431 CH031_431 (0) 1 :  0.541 0.116 0.343
432 CH032_432 (0) 1 :  0.983 0.006 0.011
433 CH033_433 (1) 1 :  0.926 0.003 0.071
434 CH034_434 (0) 1 :  0.904 0.005 0.090
435 CH035_435 (0) 1 :  0.962 0.023 0.014
436 CH036_436 (0) 1 :  0.802 0.006 0.192
437 CH037_437 (0) 1 :  0.800 0.019 0.181
438 CH038_438 (0) 1 :  0.977 0.013 0.011
439 CH039_439 (3) 1 :  0.974 0.007 0.019
440 CH040_440 (0) 1 :  0.917 0.007 0.076
441 CH041_441 (0) 1 :  0.797 0.007 0.196
442 CH042_442 (1) 1 :  0.563 0.011 0.426
443 CH043_443 (1) 1 :  0.984 0.011 0.005
444 CH044_444 (0) 1 :  0.969 0.010 0.020
445 CH045_445 (0) 1 :  0.973 0.020 0.007
446 CH046_446 (0) 1 :  0.986 0.005 0.009
447 CH047_447 (0) 1 :  0.740 0.004 0.255
448 CH048_448 (0) 1 :  0.583 0.016 0.400
449 CH049_449 (0) 1 :  0.777 0.003 0.219
450 CH050_450 (1) 1 :  0.928 0.013 0.059
451 FRH001_451 (0) 2 :  0.351 0.059 0.590
452 FRH002_452 (0) 2 :  0.017 0.006 0.978
453 FRH003_453 (0) 2 :  0.446 0.015 0.540
454 FRH004_454 (0) 2 :  0.767 0.003 0.230
455 FRH005_455 (0) 2 :  0.017 0.006 0.977
456 FRH006_456 (0) 2 :  0.835 0.003 0.162
457 FRH007_457 (0) 2 :  0.596 0.023 0.381
458 FRH008_458 (0) 2 :  0.305 0.016 0.679
459 FRH009_459 (0) 2 :  0.966 0.004 0.030
460 FRH010_460 (1) 2 :  0.877 0.053 0.070
461 FRH011_461 (0) 2 :  0.877 0.005 0.118
462 FRH012_462 (1) 2 :  0.695 0.148 0.157
463 FRH013_463 (0) 2 :  0.734 0.022 0.244
464 FRH014_464 (0) 2 :  0.612 0.010 0.377
465 FRH015_465 (1) 2 :  0.616 0.008 0.376
466 FRH016_466 (0) 2 :  0.975 0.005 0.020
467 FRH017_467 (0) 2 :  0.010 0.004 0.986
468 FRH018_468 (1) 2 :  0.922 0.060 0.017
469 FRH019_469 (0) 2 :  0.910 0.010 0.079
470 FRH020_470 (0) 2 :  0.857 0.028 0.114
471 FRH021_471 (0) 2 :  0.729 0.003 0.268
472 FRH022_472 (2) 2 :  0.110 0.017 0.874
473 FRH023_473 (0) 2 :  0.942 0.010 0.048
474 FRH024_474 (0) 2 :  0.828 0.005 0.167
475 FRH025_475 (0) 2 :  0.086 0.004 0.910
476 FRH026_476 (1) 2 :  0.945 0.010 0.045
477 FRH027_477 (0) 2 :  0.621 0.027 0.351
478 FRH028_478 (0) 2 :  0.148 0.048 0.804
479 FRH029_479 (0) 2 :  0.977 0.004 0.019
480 FRH030_480 (0) 2 :  0.093 0.028 0.879
481 FRH031_481 (0) 2 :  0.958 0.007 0.035
482 FRH032_482 (0) 2 :  0.891 0.022 0.088
483 FRH033_483 (0) 2 :  0.974 0.011 0.016
484 FRH034_484 (0) 2 :  0.537 0.011 0.453
485 FRH035_485 (0) 2 :  0.839 0.034 0.127
486 FRH036_486 (2) 2 :  0.244 0.006 0.750
487 FRH037_487 (0) 2 :  0.093 0.004 0.903
488 FRH038_488 (0) 2 :  0.747 0.007 0.246
489 FRH039_489 (0) 2 :  0.036 0.025 0.939
490 FRH040_490 (0) 2 :  0.452 0.004 0.545
491 FRH041_491 (0) 2 :  0.188 0.063 0.749
492 FRH042_492 (0) 2 :  0.923 0.025 0.051
493 FRH043_493 (0) 2 :  0.121 0.033 0.846
494 FRH044_494 (0) 2 :  0.023 0.015 0.962
495 FRH045_495 (0) 2 :  0.133 0.014 0.853
496 FRH046_496 (0) 2 :  0.237 0.005 0.759
497 FRH047_497 (0) 2 :  0.062 0.025 0.913
498 FRH048_498 (0) 2 :  0.941 0.008 0.051
499 FRH049_499 (0) 2 :  0.951 0.014 0.035
500 FRH050_500 (1) 2 :  0.425 0.008 0.567
501 FRH001_501 (0) 2 :  0.892 0.017 0.091
502 FRH002_502 (0) 2 :  0.676 0.004 0.320
503 FRH003_503 (0) 2 :  0.233 0.025 0.742
504 FRH004_504 (0) 2 :  0.546 0.015 0.439
505 FRH005_505 (0) 2 :  0.914 0.038 0.048
506 FRH006_506 (2) 2 :  0.760 0.016 0.223
507 FRH007_507 (0) 2 :  0.118 0.012 0.869
508 FRH008_508 (1) 2 :  0.913 0.016 0.072
509 FRH009_509 (0) 2 :  0.957 0.011 0.033
510 FRH010_510 (0) 2 :  0.940 0.027 0.032
511 FRH011_511 (0) 2 :  0.818 0.038 0.144
512 FRH012_512 (1) 2 :  0.734 0.016 0.250
513 FRH013_513 (0) 2 :  0.399 0.004 0.598
514 FRH014_514 (0) 2 :  0.975 0.004 0.021
515 FRH015_515 (0) 2 :  0.235 0.127 0.639
516 FRH016_516 (0) 2 :  0.899 0.045 0.056
517 FRH017_517 (0) 2 :  0.959 0.010 0.031
518 FRH018_518 (0) 2 :  0.828 0.103 0.069
519 FRH019_519 (0) 2 :  0.603 0.024 0.373
520 FRH020_520 (0) 2 :  0.786 0.006 0.207
521 FRH021_521 (0) 2 :  0.579 0.019 0.402
522 FRH022_522 (0) 2 :  0.092 0.005 0.903
523 FRH023_523 (0) 2 :  0.903 0.005 0.092
524 FRH024_524 (0) 2 :  0.552 0.365 0.083
525 FRH025_525 (1) 2 :  0.121 0.006 0.873
526 FRH026_526 (0) 2 :  0.057 0.006 0.938
527 FRH027_527 (0) 2 :  0.236 0.010 0.755
528 FRH028_528 (0) 2 :  0.475 0.004 0.521
529 FRH029_529 (1) 2 :  0.881 0.012 0.107
530 FRH030_530 (0) 2 :  0.310 0.005 0.686
531 FRH031_531 (0) 2 :  0.140 0.006 0.854
532 FRH032_532 (1) 2 :  0.924 0.017 0.059
533 FRH033_533 (0) 2 :  0.090 0.007 0.903
534 FRH034_534 (3) 2 :  0.478 0.018 0.503
535 FRH035_535 (0) 2 :  0.473 0.006 0.521
536 FRH036_536 (0) 2 :  0.384 0.036 0.580
537 FRH037_537 (0) 2 :  0.640 0.005 0.356
538 FRH038_538 (0) 2 :  0.549 0.007 0.444
539 FRH039_539 (0) 2 :  0.736 0.006 0.258
540 FRH040_540 (0) 2 :  0.572 0.007 0.421
541 FRH041_541 (0) 2 :  0.482 0.017 0.501
542 FRH042_542 (2) 2 :  0.811 0.022 0.167
543 FRH043_543 (0) 2 :  0.128 0.010 0.863
544 FRH044_544 (0) 2 :  0.471 0.198 0.332
545 FRH045_545 (0) 2 :  0.610 0.010 0.380
546 FRH046_546 (0) 2 :  0.238 0.011 0.751
547 FRH047_547 (0) 2 :  0.824 0.008 0.167
548 FRH048_548 (0) 2 :  0.042 0.018 0.940
549 FRH049_549 (0) 2 :  0.543 0.010 0.447
550 FRH050_550 (0) 2 :  0.689 0.009 0.302
551 FRH001_551 (0) 2 :  0.043 0.006 0.951
552 FRH002_552 (0) 2 :  0.696 0.006 0.298
553 FRH003_553 (0) 2 :  0.868 0.005 0.127
554 FRH004_554 (0) 2 :  0.984 0.006 0.011
555 FRH005_555 (0) 2 :  0.463 0.044 0.492
556 FRH006_556 (0) 2 :  0.658 0.009 0.333
557 FRH007_557 (0) 2 :  0.088 0.005 0.906
558 FRH008_558 (0) 2 :  0.522 0.008 0.469
559 FRH009_559 (0) 2 :  0.057 0.005 0.939
560 FRH010_560 (0) 2 :  0.239 0.032 0.730
561 FRH011_561 (1) 2 :  0.281 0.006 0.713
562 FRH012_562 (0) 2 :  0.291 0.099 0.610
563 FRH013_563 (0) 2 :  0.024 0.004 0.971
564 FRH014_564 (0) 2 :  0.782 0.005 0.213
565 FRH015_565 (0) 2 :  0.026 0.005 0.969
566 FRH016_566 (0) 2 :  0.250 0.023 0.728
567 FRH017_567 (0) 2 :  0.716 0.018 0.265
568 FRH018_568 (0) 2 :  0.970 0.007 0.023
569 FRH019_569 (0) 2 :  0.414 0.035 0.551
570 FRH020_570 (0) 2 :  0.572 0.075 0.353
571 FRH021_571 (0) 2 :  0.890 0.031 0.079
572 FRH022_572 (0) 2 :  0.953 0.010 0.037
573 FRH023_573 (0) 2 :  0.365 0.079 0.556
574 FRH024_574 (2) 2 :  0.330 0.115 0.555
575 FRH025_575 (1) 2 :  0.957 0.022 0.021
576 FRH026_576 (0) 2 :  0.794 0.069 0.137
577 FRH027_577 (0) 2 :  0.014 0.005 0.981
578 FRH028_578 (0) 2 :  0.720 0.006 0.274
579 FRH029_579 (0) 2 :  0.787 0.062 0.151
580 FRH030_580 (1) 2 :  0.799 0.038 0.163
581 FRH031_581 (0) 2 :  0.608 0.010 0.382
582 FRH032_582 (1) 2 :  0.098 0.005 0.897
583 FRH033_583 (1) 2 :  0.933 0.007 0.059
584 FRH034_584 (1) 2 :  0.704 0.008 0.288
585 FRH035_585 (1) 2 :  0.560 0.016 0.424
586 FRH036_586 (0) 2 :  0.978 0.010 0.013
587 FRH037_587 (1) 2 :  0.129 0.018 0.853
588 FRH038_588 (0) 2 :  0.967 0.010 0.023
589 FRH039_589 (0) 2 :  0.975 0.004 0.022
590 FRH040_590 (0) 2 :  0.847 0.018 0.135
591 FRH041_591 (0) 2 :  0.724 0.010 0.265
592 FRH042_592 (0) 2 :  0.051 0.030 0.919
593 FRH043_593 (0) 2 :  0.225 0.004 0.771
594 FRH044_594 (0) 2 :  0.560 0.014 0.426
595 FRH045_595 (3) 2 :  0.797 0.073 0.130
596 FRH046_596 (0) 2 :  0.906 0.029 0.065
597 FRH047_597 (0) 2 :  0.208 0.043 0.748
598 FRH048_598 (0) 2 :  0.939 0.012 0.049
599 FRH049_599 (0) 2 :  0.539 0.019 0.442
600 FRH050_600 (1) 2 :  0.326 0.335 0.339
601 FRH001_601 (0) 2 :  0.961 0.015 0.024
602 FRH002_602 (0) 2 :  0.883 0.005 0.112
603 FRH003_603 (0) 2 :  0.295 0.012 0.693
604 FRH004_604 (1) 2 :  0.951 0.006 0.043
605 FRH005_605 (0) 2 :  0.859 0.004 0.136
606 FRH006_606 (0) 2 :  0.305 0.007 0.688
607 FRH007_607 (1) 2 :  0.689 0.011 0.300
608 FRH008_608 (0) 2 :  0.324 0.229 0.447
609 FRH009_609 (0) 2 :  0.887 0.011 0.102
610 FRH010_610 (0) 2 :  0.022 0.137 0.840
611 FRH011_611 (0) 2 :  0.665 0.026 0.309
612 FRH012_612 (0) 2 :  0.431 0.018 0.550
613 FRH013_613 (0) 2 :  0.402 0.014 0.583
614 FRH014_614 (1) 2 :  0.212 0.025 0.763
615 FRH015_615 (1) 2 :  0.334 0.011 0.655
616 FRH016_616 (0) 2 :  0.188 0.010 0.803
617 FRH017_617 (1) 2 :  0.131 0.010 0.859
618 FRH018_618 (0) 2 :  0.266 0.006 0.728
619 FRH019_619 (0) 2 :  0.798 0.034 0.168
620 FRH020_620 (0) 2 :  0.112 0.005 0.883
621 FRH021_621 (0) 2 :  0.288 0.101 0.611
622 FRH022_622 (0) 2 :  0.873 0.044 0.082
623 FRH023_623 (0) 2 :  0.591 0.007 0.401
624 FRH024_624 (0) 2 :  0.514 0.009 0.477
625 FRH025_625 (0) 2 :  0.084 0.004 0.912
626 FRH026_626 (0) 2 :  0.591 0.044 0.366
627 FRH027_627 (0) 2 :  0.203 0.011 0.786
628 FRH028_628 (1) 2 :  0.527 0.003 0.470
629 FRH029_629 (0) 2 :  0.239 0.020 0.741
630 FRH030_630 (0) 2 :  0.204 0.050 0.747
631 FRH031_631 (0) 2 :  0.281 0.031 0.688
632 FRH032_632 (1) 2 :  0.234 0.004 0.762
633 FRH033_633 (0) 2 :  0.290 0.010 0.700
634 FRH034_634 (1) 2 :  0.601 0.016 0.382
635 FRH035_635 (0) 2 :  0.931 0.011 0.058
636 FRH036_636 (0) 2 :  0.467 0.153 0.379
637 FRH037_637 (0) 2 :  0.163 0.009 0.829
638 FRH038_638 (0) 2 :  0.060 0.011 0.928
639 FRH039_639 (0) 2 :  0.920 0.014 0.066
640 FRH040_640 (0) 2 :  0.163 0.012 0.825
641 FRH041_641 (0) 2 :  0.975 0.004 0.021
642 FRH042_642 (0) 2 :  0.089 0.009 0.901
643 FRH043_643 (0) 2 :  0.544 0.014 0.442
644 FRH044_644 (0) 2 :  0.239 0.052 0.709
645 FRH045_645 (0) 2 :  0.031 0.002 0.966
646 FRH046_646 (0) 2 :  0.208 0.014 0.778
647 FRH047_647 (0) 2 :  0.450 0.037 0.514
648 FRH048_648 (1) 2 :  0.607 0.012 0.381
649 FRH049_649 (0) 2 :  0.397 0.090 0.513
650 FRH050_650 (0) 2 :  0.052 0.011 0.937
651 FRH001_651 (1) 2 :  0.478 0.013 0.510
652 FRH002_652 (1) 2 :  0.951 0.006 0.043
653 FRH003_653 (0) 2 :  0.973 0.007 0.020
654 FRH004_654 (0) 2 :  0.344 0.035 0.621
655 FRH005_655 (0) 2 :  0.892 0.032 0.076
656 FRH006_656 (2) 2 :  0.341 0.109 0.551
657 FRH007_657 (0) 2 :  0.684 0.039 0.277
658 FRH008_658 (0) 2 :  0.022 0.016 0.962
659 FRH009_659 (1) 2 :  0.878 0.015 0.108
660 FRH010_660 (0) 2 :  0.938 0.012 0.051
661 FRH011_661 (0) 2 :  0.548 0.014 0.438
662 FRH012_662 (0) 2 :  0.313 0.020 0.666
663 FRH013_663 (0) 2 :  0.321 0.005 0.674
664 FRH014_664 (1) 2 :  0.054 0.005 0.941
665 FRH015_665 (0) 2 :  0.722 0.166 0.112
666 FRH016_666 (0) 2 :  0.568 0.012 0.421
667 FRH017_667 (0) 2 :  0.394 0.007 0.599
668 FRH018_668 (1) 2 :  0.952 0.035 0.014
669 FRH019_669 (0) 2 :  0.401 0.030 0.569
670 FRH020_670 (0) 2 :  0.869 0.017 0.114
671 FRH021_671 (1) 2 :  0.590 0.010 0.399
672 FRH022_672 (9) 2 :  0.634 0.008 0.358
673 FRH023_673 (0) 2 :  0.638 0.006 0.356
674 FRH024_674 (0) 2 :  0.823 0.007 0.170
675 FRH025_675 (0) 2 :  0.361 0.029 0.610
676 FRH026_676 (0) 2 :  0.974 0.005 0.021
677 FRH027_677 (1) 2 :  0.771 0.010 0.219
678 FRH028_678 (0) 2 :  0.137 0.026 0.837
679 FRH029_679 (0) 2 :  0.684 0.007 0.309
680 FRH030_680 (0) 2 :  0.738 0.120 0.142
681 FRH031_681 (0) 2 :  0.442 0.049 0.509
682 FRH032_682 (0) 2 :  0.981 0.003 0.016
683 FRH033_683 (0) 2 :  0.228 0.004 0.768
684 FRH034_684 (2) 2 :  0.962 0.009 0.029
685 FRH035_685 (2) 2 :  0.152 0.007 0.841
686 FRH036_686 (1) 2 :  0.798 0.012 0.190
687 FRH037_687 (0) 2 :  0.960 0.004 0.036
688 FRH038_688 (0) 2 :  0.832 0.008 0.160
689 FRH039_689 (0) 2 :  0.981 0.007 0.012
690 FRH040_690 (0) 2 :  0.754 0.052 0.195
691 FRH041_691 (0) 2 :  0.894 0.045 0.062
692 FRH042_692 (0) 2 :  0.364 0.009 0.626
693 FRH043_693 (1) 2 :  0.948 0.003 0.049
694 FRH044_694 (0) 2 :  0.938 0.014 0.048
695 FRH045_695 (0) 2 :  0.152 0.021 0.828
696 FRH046_696 (0) 2 :  0.012 0.003 0.986
697 FRH047_697 (0) 2 :  0.665 0.123 0.212
698 FRH048_698 (1) 2 :  0.952 0.005 0.044
699 FRH049_699 (0) 2 :  0.610 0.215 0.176
700 FRH050_700 (0) 2 :  0.303 0.008 0.688
701 FRH001_701 (1) 2 :  0.601 0.299 0.101
702 FRH002_702 (0) 2 :  0.348 0.011 0.641
703 FRH003_703 (0) 2 :  0.064 0.006 0.930
704 FRH004_704 (0) 2 :  0.936 0.034 0.029
705 FRH005_705 (1) 2 :  0.027 0.013 0.960
706 FRH006_706 (2) 2 :  0.155 0.088 0.758
707 FRH007_707 (0) 2 :  0.080 0.204 0.716
708 FRH008_708 (0) 2 :  0.348 0.011 0.641
709 FRH009_709 (0) 2 :  0.359 0.092 0.549
710 FRH010_710 (0) 2 :  0.710 0.224 0.066
711 FRH011_711 (0) 2 :  0.159 0.036 0.805
712 FRH012_712 (0) 2 :  0.077 0.006 0.917
713 FRH013_713 (0) 2 :  0.239 0.086 0.675
714 FRH014_714 (0) 2 :  0.059 0.007 0.934
715 FRH015_715 (0) 2 :  0.218 0.009 0.773
716 FRH016_716 (0) 2 :  0.846 0.028 0.126
717 FRH017_717 (0) 2 :  0.911 0.003 0.085
718 FRH018_718 (2) 2 :  0.858 0.067 0.075
719 FRH019_719 (0) 2 :  0.167 0.010 0.823
720 FRH020_720 (5) 2 :  0.579 0.014 0.407
721 FRH021_721 (0) 2 :  0.354 0.004 0.641
722 FRH022_722 (0) 2 :  0.325 0.003 0.672
723 FRH023_723 (1) 2 :  0.432 0.191 0.377
724 FRH024_724 (0) 2 :  0.697 0.009 0.294
725 FRH025_725 (2) 2 :  0.147 0.004 0.849
726 FRH026_726 (0) 2 :  0.368 0.009 0.623
727 FRH027_727 (1) 2 :  0.725 0.007 0.268
728 FRH028_728 (0) 2 :  0.852 0.025 0.123
729 FRH029_729 (0) 2 :  0.974 0.004 0.023
730 FRH030_730 (1) 2 :  0.061 0.004 0.935
731 FRH031_731 (0) 2 :  0.076 0.005 0.919
732 FRH032_732 (0) 2 :  0.395 0.023 0.582
733 FRH033_733 (0) 2 :  0.095 0.021 0.883
734 FRH034_734 (0) 2 :  0.800 0.010 0.189
735 FRH035_735 (0) 2 :  0.227 0.028 0.744
736 FRH036_736 (0) 2 :  0.045 0.005 0.950
737 FRH037_737 (1) 2 :  0.060 0.007 0.933
738 FRH038_738 (1) 2 :  0.535 0.009 0.455
739 FRH039_739 (0) 2 :  0.866 0.018 0.116
740 FRH040_740 (0) 2 :  0.385 0.034 0.581
741 FRH041_741 (0) 2 :  0.067 0.004 0.930
742 FRH042_742 (0) 2 :  0.977 0.003 0.020
743 FRH043_743 (8) 2 :  0.893 0.010 0.096
744 FRH044_744 (0) 2 :  0.935 0.032 0.033
745 FRH045_745 (0) 2 :  0.260 0.010 0.730
746 FRH046_746 (0) 2 :  0.957 0.008 0.035
747 FRH047_747 (0) 2 :  0.591 0.006 0.403
748 FRH048_748 (0) 2 :  0.791 0.013 0.196
749 FRH049_749 (0) 2 :  0.656 0.187 0.156
750 FRH050_750 (0) 2 :  0.291 0.005 0.703
751 FRH001_751 (0) 2 :  0.172 0.016 0.812
752 FRH002_752 (1) 2 :  0.949 0.013 0.037
753 FRH003_753 (0) 2 :  0.931 0.018 0.051
754 FRH004_754 (1) 2 :  0.973 0.007 0.019
755 FRH005_755 (1) 2 :  0.554 0.007 0.439
756 FRH006_756 (1) 2 :  0.070 0.028 0.902
757 FRH007_757 (1) 2 :  0.525 0.066 0.409
758 FRH008_758 (0) 2 :  0.077 0.105 0.818
759 FRH009_759 (1) 2 :  0.707 0.010 0.283
760 FRH010_760 (1) 2 :  0.598 0.121 0.281
761 FRH011_761 (1) 2 :  0.947 0.006 0.046
762 FRH012_762 (1) 2 :  0.901 0.018 0.081
763 FRH013_763 (0) 2 :  0.403 0.010 0.587
764 FRH014_764 (0) 2 :  0.916 0.024 0.060
765 FRH015_765 (0) 2 :  0.246 0.034 0.719
766 FRH016_766 (0) 2 :  0.826 0.003 0.171
767 FRH017_767 (1) 2 :  0.062 0.016 0.922
768 FRH018_768 (0) 2 :  0.929 0.010 0.062
769 FRH019_769 (0) 2 :  0.094 0.005 0.901
770 FRH020_770 (0) 2 :  0.443 0.008 0.549
771 FRH021_771 (0) 2 :  0.675 0.080 0.245
772 FRH022_772 (1) 2 :  0.831 0.036 0.133
773 FRH023_773 (1) 2 :  0.306 0.121 0.573
774 FRH024_774 (0) 2 :  0.926 0.012 0.063
775 FRH025_775 (0) 2 :  0.012 0.002 0.986
776 FRH026_776 (0) 2 :  0.857 0.026 0.117
777 FRH027_777 (0) 2 :  0.442 0.009 0.549
778 FRH028_778 (1) 2 :  0.223 0.228 0.549
779 FRH029_779 (0) 2 :  0.028 0.005 0.967
780 FRH030_780 (0) 2 :  0.977 0.007 0.016
781 FRH031_781 (1) 2 :  0.023 0.029 0.948
782 FRH032_782 (3) 2 :  0.057 0.033 0.911
783 FRH033_783 (0) 2 :  0.463 0.007 0.530
784 FRH034_784 (0) 2 :  0.956 0.015 0.029
785 FRH035_785 (0) 2 :  0.952 0.006 0.042
786 FRH036_786 (0) 2 :  0.057 0.007 0.936
787 FRH037_787 (2) 2 :  0.986 0.008 0.007
788 FRH038_788 (0) 2 :  0.379 0.009 0.612
789 FRH039_789 (0) 2 :  0.622 0.032 0.346
790 FRH040_790 (0) 2 :  0.685 0.109 0.207
791 FRH041_791 (0) 2 :  0.851 0.061 0.088
792 FRH042_792 (0) 2 :  0.447 0.029 0.524
793 FRH043_793 (0) 2 :  0.481 0.006 0.513
794 FRH044_794 (1) 2 :  0.582 0.032 0.386
795 FRH045_795 (0) 2 :  0.393 0.006 0.601
796 FRH046_796 (0) 2 :  0.521 0.018 0.461
797 FRH047_797 (0) 2 :  0.499 0.004 0.496
798 FRH048_798 (0) 2 :  0.638 0.026 0.335
799 FRH049_799 (0) 2 :  0.808 0.038 0.154
800 FRH050_800 (0) 2 :  0.056 0.006 0.939
801 FRH001_801 (0) 2 :  0.066 0.048 0.886
802 FRH002_802 (0) 2 :  0.290 0.007 0.703
803 FRH003_803 (1) 2 :  0.914 0.014 0.072
804 FRH004_804 (0) 2 :  0.576 0.009 0.416
805 FRH005_805 (0) 2 :  0.082 0.008 0.910
806 FRH006_806 (0) 2 :  0.278 0.006 0.716
807 FRH007_807 (1) 2 :  0.612 0.008 0.379
808 FRH008_808 (0) 2 :  0.174 0.055 0.771
809 FRH009_809 (0) 2 :  0.919 0.063 0.018
810 FRH010_810 (0) 2 :  0.015 0.003 0.982
811 FRH011_811 (1) 2 :  0.877 0.006 0.117
812 FRH012_812 (0) 2 :  0.721 0.194 0.085
813 FRH013_813 (0) 2 :  0.673 0.010 0.317
814 FRH014_814 (0) 2 :  0.495 0.023 0.482
815 FRH015_815 (1) 2 :  0.078 0.021 0.900
816 FRH016_816 (0) 2 :  0.979 0.007 0.015
817 FRH017_817 (0) 2 :  0.981 0.007 0.012
818 FRH018_818 (0) 2 :  0.037 0.175 0.788
819 FRH019_819 (1) 2 :  0.394 0.210 0.396
820 FRH020_820 (0) 2 :  0.150 0.005 0.845
821 FRH021_821 (0) 2 :  0.650 0.011 0.338
822 FRH022_822 (0) 2 :  0.404 0.012 0.584
823 FRH023_823 (0) 2 :  0.895 0.016 0.089
824 FRH024_824 (0) 2 :  0.455 0.005 0.540
825 FRH025_825 (0) 2 :  0.366 0.040 0.594
826 FRH026_826 (0) 2 :  0.339 0.056 0.604
827 FRH027_827 (0) 2 :  0.317 0.034 0.649
828 FRH028_828 (0) 2 :  0.052 0.156 0.792
829 FRH029_829 (0) 2 :  0.519 0.011 0.470
830 FRH030_830 (0) 2 :  0.785 0.096 0.118
831 FRH031_831 (1) 2 :  0.401 0.406 0.194
832 FRH032_832 (0) 2 :  0.298 0.021 0.680
833 FRH033_833 (0) 2 :  0.747 0.007 0.246
834 FRH034_834 (0) 2 :  0.104 0.006 0.891
835 FRH035_835 (0) 2 :  0.575 0.008 0.417
836 FRH036_836 (0) 2 :  0.809 0.017 0.175
837 FRH037_837 (0) 2 :  0.915 0.012 0.073
838 FRH038_838 (1) 2 :  0.443 0.005 0.553
839 FRH039_839 (1) 2 :  0.332 0.011 0.657
840 FRH040_840 (0) 2 :  0.577 0.015 0.409
841 FRH041_841 (0) 2 :  0.806 0.013 0.181
842 FRH042_842 (0) 2 :  0.932 0.007 0.061
843 FRH043_843 (0) 2 :  0.933 0.022 0.045
844 FRH044_844 (0) 2 :  0.283 0.005 0.712
845 FRH045_845 (0) 2 :  0.112 0.246 0.642
846 FRH046_846 (0) 2 :  0.804 0.014 0.182
847 FRH047_847 (0) 2 :  0.262 0.004 0.733
848 FRH048_848 (0) 2 :  0.885 0.008 0.107
849 FRH049_849 (1) 2 :  0.459 0.004 0.537
850 FRH050_850 (0) 2 :  0.297 0.102 0.601
851 FRH001_851 (0) 2 :  0.901 0.006 0.092
852 FRH002_852 (1) 2 :  0.453 0.017 0.530
853 FRH003_853 (0) 2 :  0.048 0.012 0.940
854 FRH004_854 (2) 2 :  0.274 0.007 0.719
855 FRH005_855 (2) 2 :  0.797 0.032 0.170
856 FRH006_856 (0) 2 :  0.117 0.024 0.860
857 FRH007_857 (1) 2 :  0.870 0.050 0.080
858 FRH008_858 (0) 2 :  0.771 0.015 0.214
859 FRH009_859 (2) 2 :  0.393 0.014 0.593
860 FRH010_860 (0) 2 :  0.591 0.013 0.397
861 FRH011_861 (0) 2 :  0.554 0.043 0.403
862 FRH012_862 (0) 2 :  0.311 0.013 0.676
863 FRH013_863 (0) 2 :  0.547 0.014 0.439
864 FRH014_864 (0) 2 :  0.400 0.048 0.552
865 FRH015_865 (0) 2 :  0.073 0.004 0.923
866 FRH016_866 (0) 2 :  0.119 0.012 0.869
867 FRH017_867 (0) 2 :  0.087 0.047 0.866
868 FRH018_868 (0) 2 :  0.957 0.006 0.037
869 FRH019_869 (0) 2 :  0.138 0.024 0.838
870 FRH020_870 (0) 2 :  0.932 0.020 0.048
871 FRH021_871 (0) 2 :  0.318 0.016 0.666
872 FRH022_872 (0) 2 :  0.304 0.046 0.650
873 FRH023_873 (0) 2 :  0.123 0.007 0.870
874 FRH024_874 (0) 2 :  0.126 0.005 0.869
875 FRH025_875 (0) 2 :  0.266 0.011 0.723
876 FRH026_876 (2) 2 :  0.169 0.458 0.373
877 FRH027_877 (0) 2 :  0.919 0.007 0.074
878 FRH028_878 (1) 2 :  0.418 0.006 0.576
879 FRH029_879 (0) 2 :  0.854 0.007 0.138
880 FRH030_880 (0) 2 :  0.873 0.031 0.096
881 FRH031_881 (0) 2 :  0.907 0.041 0.052
882 FRH032_882 (0) 2 :  0.476 0.005 0.518
883 FRH033_883 (1) 2 :  0.705 0.025 0.270
884 FRH034_884 (0) 2 :  0.719 0.019 0.262
885 FRH035_885 (0) 2 :  0.217 0.004 0.778
886 FRH036_886 (0) 2 :  0.020 0.004 0.976
887 FRH037_887 (0) 2 :  0.377 0.032 0.591
888 FRH038_888 (0) 2 :  0.016 0.970 0.014
889 FRH039_889 (0) 2 :  0.115 0.125 0.761
890 FRH040_890 (0) 2 :  0.329 0.011 0.661
891 FRH041_891 (1) 2 :  0.914 0.005 0.081
892 FRH042_892 (0) 2 :  0.299 0.058 0.643
893 FRH043_893 (0) 2 :  0.100 0.024 0.876
894 FRH044_894 (0) 2 :  0.033 0.003 0.964
895 FRH045_895 (0) 2 :  0.697 0.010 0.294
896 FRH046_896 (4) 2 :  0.960 0.016 0.023
897 FRH047_897 (0) 2 :  0.723 0.014 0.263
898 FRH048_898 (0) 2 :  0.876 0.015 0.108
899 FRH049_899 (0) 2 :  0.936 0.014 0.049
900 FRH050_900 (0) 2 :  0.528 0.021 0.451
901 MRH001_901 (0) 3 :  0.978 0.005 0.017
902 MRH002_902 (0) 3 :  0.963 0.012 0.025
903 MRH003_903 (0) 3 :  0.953 0.008 0.039
904 MRH004_904 (0) 3 :  0.020 0.005 0.974
905 MRH005_905 (0) 3 :  0.445 0.011 0.544
906 MRH006_906 (0) 3 :  0.190 0.070 0.740
907 MRH007_907 (0) 3 :  0.089 0.009 0.902
908 MRH008_908 (0) 3 :  0.619 0.058 0.323
909 MRH009_909 (0) 3 :  0.913 0.006 0.082
910 MRH010_910 (0) 3 :  0.970 0.005 0.025
911 MRH011_911 (0) 3 :  0.056 0.019 0.924
912 MRH012_912 (0) 3 :  0.111 0.084 0.805
913 MRH013_913 (0) 3 :  0.982 0.005 0.013
914 MRH014_914 (1) 3 :  0.491 0.164 0.346
915 MRH015_915 (1) 3 :  0.087 0.011 0.902
916 MRH016_916 (0) 3 :  0.807 0.057 0.136
917 MRH017_917 (0) 3 :  0.082 0.007 0.910
918 MRH018_918 (0) 3 :  0.517 0.006 0.477
919 MRH019_919 (0) 3 :  0.211 0.006 0.783
920 MRH020_920 (1) 3 :  0.132 0.009 0.859
921 MRH021_921 (0) 3 :  0.353 0.005 0.642
922 MRH022_922 (0) 3 :  0.102 0.036 0.862
923 MRH023_923 (0) 3 :  0.052 0.051 0.897
924 MRH024_924 (0) 3 :  0.941 0.028 0.030
925 MRH025_925 (0) 3 :  0.010 0.003 0.987
926 MRH026_926 (0) 3 :  0.965 0.022 0.014
927 MRH027_927 (1) 3 :  0.434 0.008 0.558
928 MRH028_928 (0) 3 :  0.065 0.009 0.927
929 MRH029_929 (0) 3 :  0.017 0.004 0.979
930 MRH030_930 (0) 3 :  0.016 0.022 0.961
931 MRH031_931 (0) 3 :  0.053 0.012 0.934
932 MRH032_932 (0) 3 :  0.334 0.020 0.645
933 MRH033_933 (0) 3 :  0.464 0.316 0.221
934 MRH034_934 (0) 3 :  0.924 0.026 0.051
935 MRH035_935 (0) 3 :  0.169 0.012 0.819
936 MRH036_936 (0) 3 :  0.975 0.013 0.012
937 MRH037_937 (1) 3 :  0.366 0.010 0.624
938 MRH038_938 (0) 3 :  0.782 0.006 0.213
939 MRH039_939 (0) 3 :  0.238 0.030 0.732
940 MRH040_940 (0) 3 :  0.796 0.012 0.192
941 MRH041_941 (1) 3 :  0.593 0.006 0.401
942 MRH042_942 (0) 3 :  0.170 0.003 0.827
943 MRH043_943 (0) 3 :  0.380 0.045 0.575
944 MRH044_944 (0) 3 :  0.105 0.034 0.861
945 MRH045_945 (0) 3 :  0.265 0.033 0.703
946 MRH046_946 (0) 3 :  0.805 0.057 0.138
947 MRH047_947 (0) 3 :  0.633 0.007 0.360
948 MRH048_948 (0) 3 :  0.049 0.117 0.833
949 MRH049_949 (0) 3 :  0.966 0.004 0.030
950 MRH050_950 (0) 3 :  0.318 0.034 0.647
951 MRH001_951 (0) 3 :  0.256 0.034 0.710
952 MRH002_952 (0) 3 :  0.046 0.006 0.949
953 MRH003_953 (0) 3 :  0.023 0.011 0.966
954 MRH004_954 (1) 3 :  0.261 0.391 0.348
955 MRH005_955 (0) 3 :  0.068 0.006 0.926
956 MRH006_956 (0) 3 :  0.231 0.027 0.743
957 MRH007_957 (0) 3 :  0.272 0.195 0.533
958 MRH008_958 (0) 3 :  0.247 0.019 0.734
959 MRH009_959 (0) 3 :  0.956 0.007 0.037
960 MRH010_960 (0) 3 :  0.901 0.013 0.086
961 MRH011_961 (0) 3 :  0.012 0.007 0.982
962 MRH012_962 (0) 3 :  0.090 0.033 0.877
963 MRH013_963 (0) 3 :  0.015 0.006 0.979
964 MRH014_964 (0) 3 :  0.107 0.014 0.880
965 MRH015_965 (0) 3 :  0.031 0.013 0.956
966 MRH016_966 (0) 3 :  0.177 0.017 0.807
967 MRH017_967 (0) 3 :  0.134 0.110 0.756
968 MRH018_968 (1) 3 :  0.697 0.166 0.137
