1 CH001_1 (0) 1 :  0.011 0.017 0.019 0.953
2 CH002_2 (0) 1 :  0.005 0.395 0.035 0.566
3 CH003_3 (0) 1 :  0.047 0.030 0.006 0.916
4 CH004_4 (1) 1 :  0.004 0.014 0.005 0.977
5 CH005_5 (1) 1 :  0.005 0.205 0.052 0.737
6 CH006_6 (0) 1 :  0.003 0.046 0.013 0.938
7 CH007_7 (0) 1 :  0.005 0.013 0.013 0.969
8 CH008_8 (0) 1 :  0.015 0.164 0.019 0.802
9 CH009_9 (1) 1 :  0.006 0.037 0.007 0.950
10 CH010_10 (0) 1 :  0.005 0.037 0.007 0.951
11 CH011_11 (0) 1 :  0.024 0.023 0.008 0.945
12 CH012_12 (1) 1 :  0.010 0.009 0.007 0.975
13 CH013_13 (2) 1 :  0.005 0.108 0.020 0.868
14 CH014_14 (0) 1 :  0.010 0.453 0.026 0.511
15 CH015_15 (0) 1 :  0.035 0.089 0.031 0.845
16 CH016_16 (0) 1 :  0.005 0.227 0.038 0.730
17 CH017_17 (1) 1 :  0.025 0.180 0.056 0.739
18 CH018_18 (0) 1 :  0.006 0.015 0.017 0.962
19 CH019_19 (0) 1 :  0.017 0.148 0.041 0.795
20 CH020_20 (0) 1 :  0.004 0.083 0.075 0.839
21 CH021_21 (3) 1 :  0.014 0.671 0.066 0.250
22 CH022_22 (0) 1 :  0.014 0.016 0.010 0.960
23 CH023_23 (0) 1 :  0.003 0.189 0.021 0.787
24 CH024_24 (0) 1 :  0.016 0.055 0.017 0.913
25 CH025_25 (0) 1 :  0.246 0.506 0.025 0.224
26 CH026_26 (0) 1 :  0.009 0.092 0.009 0.890
27 CH027_27 (0) 1 :  0.012 0.050 0.014 0.924
28 CH028_28 (0) 1 :  0.011 0.012 0.006 0.971
29 CH029_29 (0) 1 :  0.006 0.125 0.009 0.860
30 CH030_30 (0) 1 :  0.003 0.009 0.010 0.979
31 CH031_31 (1) 1 :  0.006 0.028 0.012 0.954
32 CH032_32 (0) 1 :  0.005 0.118 0.017 0.860
33 CH033_33 (2) 1 :  0.007 0.017 0.014 0.962
34 CH034_34 (0) 1 :  0.244 0.389 0.067 0.300
35 CH035_35 (0) 1 :  0.010 0.200 0.031 0.759
36 CH036_36 (0) 1 :  0.043 0.478 0.125 0.354
37 CH037_37 (0) 1 :  0.011 0.060 0.048 0.881
38 CH038_38 (0) 1 :  0.005 0.067 0.014 0.914
39 CH039_39 (0) 1 :  0.032 0.072 0.110 0.785
40 CH040_40 (0) 1 :  0.005 0.014 0.005 0.976
41 CH041_41 (0) 1 :  0.015 0.241 0.008 0.736
42 CH042_42 (0) 1 :  0.012 0.014 0.011 0.963
43 CH043_43 (0) 1 :  0.017 0.062 0.020 0.901
44 CH044_44 (0) 1 :  0.010 0.661 0.024 0.305
45 CH045_45 (0) 1 :  0.003 0.059 0.009 0.928
46 CH046_46 (0) 1 :  0.045 0.020 0.015 0.920
47 CH047_47 (0) 1 :  0.028 0.033 0.057 0.882
48 CH048_48 (1) 1 :  0.005 0.394 0.052 0.549
49 CH049_49 (0) 1 :  0.011 0.018 0.048 0.924
50 CH050_50 (0) 1 :  0.007 0.058 0.008 0.928
51 CH001_51 (0) 1 :  0.006 0.076 0.009 0.909
52 CH002_52 (0) 1 :  0.009 0.021 0.007 0.963
53 CH003_53 (1) 1 :  0.005 0.088 0.295 0.613
54 CH004_54 (0) 1 :  0.010 0.015 0.017 0.957
55 CH005_55 (0) 1 :  0.003 0.039 0.006 0.951
56 CH006_56 (0) 1 :  0.014 0.133 0.010 0.843
57 CH007_57 (0) 1 :  0.015 0.029 0.013 0.943
58 CH008_58 (0) 1 :  0.007 0.018 0.006 0.969
59 CH009_59 (1) 1 :  0.021 0.012 0.029 0.938
60 CH010_60 (0) 1 :  0.013 0.052 0.006 0.929
61 CH011_61 (0) 1 :  0.009 0.055 0.016 0.921
62 CH012_62 (0) 1 :  0.025 0.054 0.033 0.888
63 CH013_63 (0) 1 :  0.008 0.012 0.006 0.974
64 CH014_64 (0) 1 :  0.024 0.026 0.016 0.934
65 CH015_65 (0) 1 :  0.035 0.010 0.009 0.946
66 CH016_66 (0) 1 :  0.010 0.212 0.010 0.768
67 CH017_67 (0) 1 :  0.007 0.015 0.007 0.971
68 CH018_68 (1) 1 :  0.004 0.068 0.023 0.905
69 CH019_69 (0) 1 :  0.005 0.036 0.277 0.682
70 CH020_70 (0) 1 :  0.031 0.152 0.019 0.798
71 CH021_71 (1) 1 :  0.020 0.073 0.239 0.667
72 CH022_72 (0) 1 :  0.010 0.082 0.023 0.886
73 CH023_73 (0) 1 :  0.004 0.466 0.060 0.470
74 CH024_74 (0) 1 :  0.007 0.255 0.010 0.729
75 CH025_75 (0) 1 :  0.025 0.036 0.010 0.928
76 CH026_76 (0) 1 :  0.006 0.025 0.019 0.950
77 CH027_77 (0) 1 :  0.013 0.103 0.015 0.868
78 CH028_78 (0) 1 :  0.052 0.075 0.013 0.860
79 CH029_79 (0) 1 :  0.007 0.182 0.242 0.570
80 CH030_80 (1) 1 :  0.005 0.018 0.012 0.964
81 CH031_81 (0) 1 :  0.006 0.049 0.069 0.876
82 CH032_82 (0) 1 :  0.006 0.044 0.011 0.939
83 CH033_83 (9) 1 :  0.007 0.017 0.012 0.964
84 CH034_84 (0) 1 :  0.051 0.037 0.019 0.894
85 CH035_85 (0) 1 :  0.006 0.064 0.281 0.649
86 CH036_86 (0) 1 :  0.004 0.040 0.181 0.775
87 CH037_87 (0) 1 :  0.004 0.022 0.013 0.961
88 CH038_88 (0) 1 :  0.006 0.153 0.022 0.819
89 CH039_89 (0) 1 :  0.014 0.007 0.004 0.975
90 CH040_90 (0) 1 :  0.045 0.078 0.015 0.863
91 CH041_91 (0) 1 :  0.004 0.034 0.012 0.950
92 CH042_92 (0) 1 :  0.007 0.057 0.021 0.915
93 CH043_93 (0) 1 :  0.010 0.557 0.023 0.410
94 CH044_94 (0) 1 :  0.008 0.024 0.006 0.962
95 CH045_95 (0) 1 :  0.005 0.053 0.022 0.920
96 CH046_96 (0) 1 :  0.003 0.028 0.012 0.957
97 CH047_97 (0) 1 :  0.021 0.032 0.084 0.863
98 CH048_98 (0) 1 :  0.045 0.576 0.018 0.361
99 CH049_99 (0) 1 :  0.004 0.017 0.107 0.872
100 CH050_100 (0) 1 :  0.029 0.120 0.029 0.823
101 CH001_101 (0) 1 :  0.412 0.178 0.365 0.045
102 CH002_102 (0) 1 :  0.006 0.259 0.113 0.621
103 CH003_103 (0) 1 :  0.006 0.142 0.015 0.836
104 CH004_104 (0) 1 :  0.013 0.008 0.012 0.967
105 CH005_105 (0) 1 :  0.008 0.008 0.004 0.980
106 CH006_106 (0) 1 :  0.004 0.073 0.023 0.900
107 CH007_107 (0) 1 :  0.011 0.149 0.059 0.781
108 CH008_108 (1) 1 :  0.005 0.036 0.012 0.947
109 CH009_109 (0) 1 :  0.015 0.042 0.021 0.923
110 CH010_110 (1) 1 :  0.003 0.023 0.038 0.935
111 CH011_111 (1) 1 :  0.004 0.009 0.006 0.981
112 CH012_112 (0) 1 :  0.045 0.029 0.008 0.917
113 CH013_113 (2) 1 :  0.060 0.084 0.012 0.843
114 CH014_114 (0) 1 :  0.025 0.097 0.078 0.801
115 CH015_115 (0) 1 :  0.008 0.025 0.342 0.624
116 CH016_116 (0) 1 :  0.013 0.031 0.098 0.858
117 CH017_117 (2) 1 :  0.012 0.030 0.014 0.944
118 CH018_118 (0) 1 :  0.053 0.027 0.016 0.904
119 CH019_119 (1) 1 :  0.023 0.274 0.025 0.679
120 CH020_120 (0) 1 :  0.007 0.035 0.017 0.940
121 CH021_121 (0) 1 :  0.006 0.036 0.008 0.949
122 CH022_122 (4) 1 :  0.004 0.014 0.006 0.976
123 CH023_123 (0) 1 :  0.005 0.027 0.013 0.955
124 CH024_124 (0) 1 :  0.007 0.024 0.011 0.958
125 CH025_125 (0) 1 :  0.057 0.128 0.047 0.768
126 CH026_126 (0) 1 :  0.006 0.011 0.039 0.943
127 CH027_127 (0) 1 :  0.049 0.180 0.031 0.739
128 CH028_128 (0) 1 :  0.002 0.028 0.019 0.951
129 CH029_129 (0) 1 :  0.013 0.052 0.021 0.914
130 CH030_130 (0) 1 :  0.006 0.060 0.050 0.884
131 CH031_131 (0) 1 :  0.012 0.149 0.034 0.805
132 CH032_132 (0) 1 :  0.007 0.049 0.166 0.779
133 CH033_133 (0) 1 :  0.041 0.071 0.013 0.875
134 CH034_134 (0) 1 :  0.005 0.024 0.010 0.961
135 CH035_135 (0) 1 :  0.132 0.030 0.011 0.826
136 CH036_136 (0) 1 :  0.018 0.082 0.012 0.888
137 CH037_137 (0) 1 :  0.013 0.158 0.041 0.788
138 CH038_138 (0) 1 :  0.011 0.781 0.011 0.197
139 CH039_139 (0) 1 :  0.018 0.059 0.010 0.912
140 CH040_140 (0) 1 :  0.006 0.075 0.008 0.911
141 CH041_141 (0) 1 :  0.039 0.226 0.011 0.724
142 CH042_142 (0) 1 :  0.015 0.085 0.014 0.885
143 CH043_143 (0) 1 :  0.005 0.010 0.017 0.969
144 CH044_144 (0) 1 :  0.005 0.933 0.012 0.049
145 CH045_145 (0) 1 :  0.006 0.013 0.007 0.974
146 CH046_146 (0) 1 :  0.005 0.091 0.168 0.736
147 CH047_147 (0) 1 :  0.033 0.502 0.015 0.450
148 CH048_148 (0) 1 :  0.008 0.590 0.008 0.394
149 CH049_149 (0) 1 :  0.017 0.084 0.012 0.887
150 CH050_150 (0) 1 :  0.023 0.331 0.066 0.580
151 CH001_151 (0) 1 :  0.004 0.033 0.047 0.916
152 CH002_152 (0) 1 :  0.004 0.020 0.009 0.968
153 CH003_153 (1) 1 :  0.011 0.173 0.085 0.730
154 CH004_154 (0) 1 :  0.006 0.184 0.039 0.771
155 CH005_155 (0) 1 :  0.008 0.061 0.011 0.920
156 CH006_156 (0) 1 :  0.196 0.063 0.006 0.734
157 CH007_157 (0) 1 :  0.006 0.052 0.021 0.921
158 CH008_158 (1) 1 :  0.008 0.047 0.378 0.567
159 CH009_159 (0) 1 :  0.020 0.091 0.107 0.782
160 CH010_160 (0) 1 :  0.025 0.027 0.033 0.915
161 CH011_161 (0) 1 :  0.012 0.584 0.020 0.384
162 CH012_162 (0) 1 :  0.033 0.007 0.015 0.946
163 CH013_163 (0) 1 :  0.156 0.024 0.008 0.812
164 CH014_164 (0) 1 :  0.010 0.044 0.016 0.930
165 CH015_165 (0) 1 :  0.011 0.220 0.035 0.735
166 CH016_166 (0) 1 :  0.010 0.022 0.006 0.962
167 CH017_167 (0) 1 :  0.005 0.463 0.013 0.519
168 CH018_168 (0) 1 :  0.005 0.032 0.018 0.945
169 CH019_169 (0) 1 :  0.010 0.863 0.060 0.067
170 CH020_170 (0) 1 :  0.011 0.331 0.020 0.638
171 CH021_171 (2) 1 :  0.009 0.038 0.066 0.887
172 CH022_172 (0) 1 :  0.024 0.815 0.027 0.134
173 CH023_173 (0) 1 :  0.004 0.025 0.008 0.963
174 CH024_174 (0) 1 :  0.015 0.090 0.030 0.865
175 CH025_175 (0) 1 :  0.015 0.010 0.017 0.958
176 CH026_176 (0) 1 :  0.012 0.584 0.077 0.328
177 CH027_177 (0) 1 :  0.021 0.016 0.529 0.434
178 CH028_178 (1) 1 :  0.032 0.176 0.018 0.774
179 CH029_179 (0) 1 :  0.003 0.025 0.022 0.949
180 CH030_180 (0) 1 :  0.017 0.065 0.016 0.901
181 CH031_181 (0) 1 :  0.081 0.085 0.010 0.823
182 CH032_182 (0) 1 :  0.007 0.416 0.259 0.318
183 CH033_183 (0) 1 :  0.007 0.007 0.005 0.980
184 CH034_184 (0) 1 :  0.009 0.056 0.017 0.918
185 CH035_185 (0) 1 :  0.003 0.031 0.048 0.918
186 CH036_186 (0) 1 :  0.005 0.060 0.057 0.877
187 CH037_187 (0) 1 :  0.007 0.226 0.017 0.750
188 CH038_188 (0) 1 :  0.020 0.323 0.017 0.640
189 CH039_189 (0) 1 :  0.004 0.850 0.023 0.123
190 CH040_190 (0) 1 :  0.007 0.109 0.009 0.874
191 CH041_191 (0) 1 :  0.061 0.025 0.005 0.910
192 CH042_192 (0) 1 :  0.006 0.088 0.089 0.817
193 CH043_193 (0) 1 :  0.003 0.115 0.007 0.875
194 CH044_194 (0) 1 :  0.009 0.752 0.015 0.224
195 CH045_195 (0) 1 :  0.472 0.096 0.109 0.323
196 CH046_196 (1) 1 :  0.009 0.160 0.035 0.797
197 CH047_197 (0) 1 :  0.006 0.119 0.016 0.860
198 CH048_198 (0) 1 :  0.030 0.118 0.011 0.841
199 CH049_199 (1) 1 :  0.018 0.019 0.011 0.952
200 CH050_200 (0) 1 :  0.005 0.007 0.014 0.974
201 CH001_201 (0) 1 :  0.004 0.071 0.033 0.892
202 CH002_202 (0) 1 :  0.043 0.674 0.079 0.204
203 CH003_203 (2) 1 :  0.073 0.732 0.023 0.172
204 CH004_204 (0) 1 :  0.016 0.051 0.086 0.847
205 CH005_205 (0) 1 :  0.018 0.274 0.028 0.679
206 CH006_206 (1) 1 :  0.027 0.429 0.025 0.519
207 CH007_207 (0) 1 :  0.010 0.027 0.221 0.742
208 CH008_208 (1) 1 :  0.044 0.078 0.027 0.851
209 CH009_209 (0) 1 :  0.006 0.015 0.017 0.961
210 CH010_210 (1) 1 :  0.016 0.107 0.036 0.842
211 CH011_211 (0) 1 :  0.027 0.045 0.018 0.909
212 CH012_212 (5) 1 :  0.006 0.168 0.130 0.696
213 CH013_213 (1) 1 :  0.011 0.124 0.030 0.836
214 CH014_214 (0) 1 :  0.032 0.022 0.007 0.939
215 CH015_215 (0) 1 :  0.005 0.018 0.022 0.955
216 CH016_216 (0) 1 :  0.006 0.111 0.239 0.643
217 CH017_217 (0) 1 :  0.006 0.066 0.032 0.896
218 CH018_218 (0) 1 :  0.008 0.015 0.104 0.873
219 CH019_219 (0) 1 :  0.014 0.021 0.007 0.957
220 CH020_220 (0) 1 :  0.006 0.039 0.046 0.908
221 CH021_221 (0) 1 :  0.004 0.214 0.014 0.768
222 CH022_222 (1) 1 :  0.042 0.453 0.019 0.486
223 CH023_223 (0) 1 :  0.004 0.044 0.021 0.930
224 CH024_224 (0) 1 :  0.005 0.509 0.035 0.451
225 CH025_225 (1) 1 :  0.009 0.019 0.029 0.944
226 CH026_226 (0) 1 :  0.007 0.097 0.013 0.883
227 CH027_227 (2) 1 :  0.020 0.035 0.011 0.934
228 CH028_228 (0) 1 :  0.045 0.036 0.007 0.912
229 CH029_229 (0) 1 :  0.007 0.036 0.014 0.944
230 CH030_230 (0) 1 :  0.005 0.013 0.055 0.927
231 CH031_231 (0) 1 :  0.006 0.059 0.007 0.928
232 CH032_232 (0) 1 :  0.063 0.108 0.229 0.599
233 CH033_233 (1) 1 :  0.013 0.086 0.314 0.586
234 CH034_234 (1) 1 :  0.012 0.141 0.065 0.782
235 CH035_235 (0) 1 :  0.021 0.013 0.009 0.957
236 CH036_236 (0) 1 :  0.005 0.102 0.010 0.883
237 CH037_237 (3) 1 :  0.043 0.238 0.052 0.667
238 CH038_238 (0) 1 :  0.010 0.041 0.005 0.943
239 CH039_239 (0) 1 :  0.019 0.071 0.152 0.758
240 CH040_240 (0) 1 :  0.123 0.116 0.046 0.714
241 CH041_241 (0) 1 :  0.006 0.023 0.005 0.966
242 CH042_242 (0) 1 :  0.008 0.276 0.029 0.687
243 CH043_243 (1) 1 :  0.021 0.014 0.009 0.956
244 CH044_244 (0) 1 :  0.022 0.014 0.062 0.903
245 CH045_245 (1) 1 :  0.005 0.036 0.028 0.930
246 CH046_246 (0) 1 :  0.014 0.098 0.020 0.868
247 CH047_247 (0) 1 :  0.006 0.009 0.029 0.957
248 CH048_248 (0) 1 :  0.011 0.191 0.016 0.782
249 CH049_249 (0) 1 :  0.032 0.314 0.179 0.476
250 CH050_250 (0) 1 :  0.016 0.163 0.012 0.810
251 CH001_251 (0) 1 :  0.004 0.009 0.006 0.981
252 CH002_252 (0) 1 :  0.005 0.012 0.017 0.966
253 CH003_253 (0) 1 :  0.007 0.012 0.006 0.976
254 CH004_254 (0) 1 :  0.012 0.098 0.009 0.880
255 CH005_255 (0) 1 :  0.009 0.019 0.010 0.961
256 CH006_256 (0) 1 :  0.018 0.105 0.022 0.855
257 CH007_257 (0) 1 :  0.048 0.207 0.020 0.725
258 CH008_258 (0) 1 :  0.032 0.127 0.013 0.828
259 CH009_259 (1) 1 :  0.024 0.274 0.022 0.680
260 CH010_260 (0) 1 :  0.005 0.038 0.078 0.880
261 CH011_261 (7) 1 :  0.024 0.028 0.006 0.942
262 CH012_262 (1) 1 :  0.006 0.710 0.019 0.265
263 CH013_263 (0) 1 :  0.014 0.138 0.014 0.834
264 CH014_264 (0) 1 :  0.041 0.283 0.009 0.667
265 CH015_265 (0) 1 :  0.006 0.008 0.005 0.980
266 CH016_266 (1) 1 :  0.009 0.036 0.013 0.942
267 CH017_267 (0) 1 :  0.010 0.041 0.007 0.943
268 CH018_268 (0) 1 :  0.004 0.037 0.013 0.946
269 CH019_269 (0) 1 :  0.008 0.050 0.029 0.912
270 CH020_270 (0) 1 :  0.007 0.092 0.011 0.890
271 CH021_271 (0) 1 :  0.018 0.277 0.010 0.695
272 CH022_272 (1) 1 :  0.016 0.013 0.006 0.964
273 CH023_273 (0) 1 :  0.022 0.012 0.009 0.957
274 CH024_274 (0) 1 :  0.030 0.497 0.012 0.461
275 CH025_275 (0) 1 :  0.006 0.014 0.012 0.968
276 CH026_276 (1) 1 :  0.009 0.008 0.003 0.980
277 CH027_277 (0) 1 :  0.006 0.041 0.170 0.783
278 CH028_278 (0) 1 :  0.009 0.171 0.011 0.809
279 CH029_279 (0) 1 :  0.007 0.014 0.049 0.929
280 CH030_280 (0) 1 :  0.007 0.020 0.011 0.962
281 CH031_281 (3) 1 :  0.005 0.297 0.035 0.664
282 CH032_282 (1) 1 :  0.009 0.441 0.145 0.405
283 CH033_283 (0) 1 :  0.007 0.263 0.058 0.673
284 CH034_284 (4) 1 :  0.004 0.031 0.019 0.946
285 CH035_285 (0) 1 :  0.006 0.228 0.741 0.024
286 CH036_286 (0) 1 :  0.003 0.019 0.008 0.970
287 CH037_287 (0) 1 :  0.011 0.015 0.008 0.966
288 CH038_288 (0) 1 :  0.181 0.029 0.227 0.563
289 CH039_289 (0) 1 :  0.005 0.101 0.360 0.534
290 CH040_290 (1) 1 :  0.018 0.144 0.016 0.822
291 CH041_291 (2) 1 :  0.003 0.006 0.020 0.970
292 CH042_292 (0) 1 :  0.018 0.119 0.089 0.775
293 CH043_293 (8) 1 :  0.003 0.026 0.134 0.838
294 CH044_294 (2) 1 :  0.008 0.208 0.060 0.724
295 CH045_295 (1) 1 :  0.007 0.031 0.010 0.951
296 CH046_296 (0) 1 :  0.009 0.055 0.031 0.905
297 CH047_297 (1) 1 :  0.014 0.028 0.011 0.947
298 CH048_298 (0) 1 :  0.018 0.025 0.017 0.940
299 CH049_299 (0) 1 :  0.003 0.034 0.016 0.947
300 CH050_300 (1) 1 :  0.003 0.010 0.013 0.974
301 CH001_301 (0) 1 :  0.004 0.019 0.008 0.969
302 CH002_302 (0) 1 :  0.011 0.875 0.011 0.103
303 CH003_303 (0) 1 :  0.007 0.073 0.009 0.911
304 CH004_304 (0) 1 :  0.008 0.019 0.011 0.962
305 CH005_305 (0) 1 :  0.052 0.017 0.062 0.868
306 CH006_306 (0) 1 :  0.053 0.012 0.011 0.924
307 CH007_307 (0) 1 :  0.008 0.033 0.040 0.919
308 CH008_308 (1) 1 :  0.007 0.070 0.062 0.861
309 CH009_309 (0) 1 :  0.007 0.876 0.021 0.096
310 CH010_310 (0) 1 :  0.003 0.011 0.015 0.971
311 CH011_311 (1) 1 :  0.014 0.014 0.015 0.957
312 CH012_312 (0) 1 :  0.004 0.017 0.007 0.972
313 CH013_313 (1) 1 :  0.011 0.160 0.020 0.809
314 CH014_314 (0) 1 :  0.004 0.030 0.030 0.936
315 CH015_315 (1) 1 :  0.005 0.075 0.008 0.912
316 CH016_316 (0) 1 :  0.067 0.466 0.012 0.455
317 CH017_317 (1) 1 :  0.013 0.045 0.055 0.887
318 CH018_318 (0) 1 :  0.040 0.270 0.009 0.681
319 CH019_319 (0) 1 :  0.028 0.023 0.009 0.940
320 CH020_320 (0) 1 :  0.006 0.106 0.024 0.864
321 CH021_321 (0) 1 :  0.028 0.180 0.088 0.703
322 CH022_322 (0) 1 :  0.008 0.012 0.009 0.971
323 CH023_323 (0) 1 :  0.017 0.023 0.051 0.909
324 CH024_324 (0) 1 :  0.007 0.009 0.018 0.965
325 CH025_325 (0) 1 :  0.007 0.030 0.008 0.955
326 CH026_326 (0) 1 :  0.006 0.010 0.007 0.976
327 CH027_327 (0) 1 :  0.006 0.006 0.005 0.984
328 CH028_328 (0) 1 :  0.007 0.008 0.009 0.976
329 CH029_329 (0) 1 :  0.008 0.012 0.008 0.972
330 CH030_330 (0) 1 :  0.009 0.217 0.432 0.343
331 CH031_331 (3) 1 :  0.030 0.021 0.011 0.938
332 CH032_332 (1) 1 :  0.021 0.719 0.026 0.234
333 CH033_333 (1) 1 :  0.042 0.561 0.017 0.380
334 CH034_334 (0) 1 :  0.020 0.445 0.126 0.408
335 CH035_335 (0) 1 :  0.021 0.057 0.016 0.906
336 CH036_336 (2) 1 :  0.007 0.018 0.007 0.968
337 CH037_337 (0) 1 :  0.020 0.173 0.013 0.794
338 CH038_338 (0) 1 :  0.011 0.634 0.019 0.337
339 CH039_339 (0) 1 :  0.118 0.067 0.006 0.809
340 CH040_340 (0) 1 :  0.014 0.012 0.008 0.966
341 CH041_341 (1) 1 :  0.007 0.267 0.025 0.702
342 CH042_342 (0) 1 :  0.035 0.065 0.017 0.883
343 CH043_343 (2) 1 :  0.016 0.374 0.033 0.577
344 CH044_344 (1) 1 :  0.202 0.047 0.308 0.443
345 CH045_345 (7) 1 :  0.005 0.050 0.252 0.693
346 CH046_346 (0) 1 :  0.004 0.078 0.046 0.873
347 CH047_347 (0) 1 :  0.004 0.007 0.005 0.984
348 CH048_348 (2) 1 :  0.004 0.068 0.074 0.855
349 CH049_349 (0) 1 :  0.013 0.013 0.005 0.969
350 CH050_350 (0) 1 :  0.005 0.077 0.102 0.816
351 CH001_351 (0) 1 :  0.008 0.194 0.059 0.738
352 CH002_352 (1) 1 :  0.013 0.019 0.041 0.927
353 CH003_353 (0) 1 :  0.010 0.255 0.129 0.606
354 CH004_354 (1) 1 :  0.002 0.052 0.057 0.889
355 CH005_355 (0) 1 :  0.004 0.076 0.014 0.906
356 CH006_356 (1) 1 :  0.010 0.820 0.081 0.089
357 CH007_357 (0) 1 :  0.016 0.051 0.061 0.871
358 CH008_358 (0) 1 :  0.025 0.014 0.004 0.957
359 CH009_359 (1) 1 :  0.030 0.067 0.028 0.875
360 CH010_360 (2) 1 :  0.007 0.089 0.024 0.880
361 CH011_361 (1) 1 :  0.016 0.026 0.009 0.949
362 CH012_362 (0) 1 :  0.030 0.178 0.011 0.781
363 CH013_363 (0) 1 :  0.012 0.008 0.007 0.973
364 CH014_364 (0) 1 :  0.004 0.023 0.033 0.940
365 CH015_365 (0) 1 :  0.019 0.176 0.021 0.784
366 CH016_366 (0) 1 :  0.040 0.042 0.012 0.906
367 CH017_367 (1) 1 :  0.005 0.032 0.009 0.954
368 CH018_368 (0) 1 :  0.012 0.095 0.010 0.883
369 CH019_369 (0) 1 :  0.008 0.032 0.008 0.952
370 CH020_370 (0) 1 :  0.042 0.043 0.039 0.876
371 CH021_371 (0) 1 :  0.061 0.419 0.095 0.425
372 CH022_372 (0) 1 :  0.008 0.020 0.017 0.955
373 CH023_373 (1) 1 :  0.004 0.011 0.005 0.980
374 CH024_374 (0) 1 :  0.010 0.267 0.014 0.708
375 CH025_375 (0) 1 :  0.007 0.011 0.007 0.975
376 CH026_376 (0) 1 :  0.005 0.764 0.141 0.090
377 CH027_377 (0) 1 :  0.008 0.124 0.023 0.844
378 CH028_378 (0) 1 :  0.012 0.160 0.015 0.813
379 CH029_379 (0) 1 :  0.012 0.850 0.035 0.102
380 CH030_380 (1) 1 :  0.006 0.039 0.005 0.950
381 CH031_381 (0) 1 :  0.007 0.057 0.011 0.926
382 CH032_382 (0) 1 :  0.010 0.179 0.401 0.410
383 CH033_383 (1) 1 :  0.018 0.197 0.084 0.701
384 CH034_384 (0) 1 :  0.009 0.215 0.410 0.366
385 CH035_385 (0) 1 :  0.065 0.096 0.013 0.826
386 CH036_386 (0) 1 :  0.040 0.359 0.011 0.589
387 CH037_387 (1) 1 :  0.007 0.074 0.010 0.909
388 CH038_388 (0) 1 :  0.011 0.008 0.013 0.968
389 CH039_389 (0) 1 :  0.009 0.105 0.008 0.878
390 CH040_390 (0) 1 :  0.003 0.044 0.027 0.926
391 CH041_391 (0) 1 :  0.025 0.031 0.038 0.906
392 CH042_392 (0) 1 :  0.003 0.108 0.022 0.867
393 CH043_393 (0) 1 :  0.006 0.138 0.040 0.816
394 CH044_394 (0) 1 :  0.003 0.024 0.024 0.949
395 CH045_395 (0) 1 :  0.008 0.020 0.012 0.961
396 CH046_396 (0) 1 :  0.004 0.016 0.753 0.227
397 CH047_397 (0) 1 :  0.009 0.112 0.023 0.856
398 CH048_398 (1) 1 :  0.006 0.059 0.016 0.920
399 CH049_399 (0) 1 :  0.004 0.725 0.010 0.261
400 CH050_400 (0) 1 :  0.456 0.043 0.060 0.441
401 CH001_401 (0) 1 :  0.006 0.673 0.014 0.308
402 CH002_402 (2) 1 :  0.011 0.061 0.052 0.876
403 CH003_403 (2) 1 :  0.008 0.008 0.008 0.976
404 CH004_404 (0) 1 :  0.007 0.020 0.073 0.900
405 CH005_405 (0) 1 :  0.032 0.031 0.008 0.929
406 CH006_406 (1) 1 :  0.002 0.033 0.014 0.951
407 CH007_407 (1) 1 :  0.010 0.007 0.007 0.976
408 CH008_408 (1) 1 :  0.004 0.006 0.007 0.982
409 CH009_409 (0) 1 :  0.005 0.019 0.021 0.954
410 CH010_410 (0) 1 :  0.082 0.070 0.329 0.519
411 CH011_411 (0) 1 :  0.044 0.195 0.053 0.708
412 CH012_412 (1) 1 :  0.004 0.024 0.011 0.960
413 CH013_413 (0) 1 :  0.016 0.039 0.007 0.938
414 CH014_414 (2) 1 :  0.018 0.011 0.007 0.964
415 CH015_415 (0) 1 :  0.002 0.010 0.053 0.935
416 CH016_416 (1) 1 :  0.005 0.083 0.037 0.875
417 CH017_417 (0) 1 :  0.008 0.018 0.026 0.948
418 CH018_418 (0) 1 :  0.013 0.022 0.010 0.956
419 CH019_419 (0) 1 :  0.013 0.013 0.014 0.960
420 CH020_420 (0) 1 :  0.033 0.017 0.005 0.946
421 CH021_421 (0) 1 :  0.006 0.030 0.033 0.931
422 CH022_422 (0) 1 :  0.020 0.024 0.015 0.941
423 CH023_423 (1) 1 :  0.005 0.213 0.015 0.767
424 CH024_424 (0) 1 :  0.005 0.009 0.075 0.911
425 CH025_425 (1) 1 :  0.004 0.015 0.008 0.973
426 CH026_426 (0) 1 :  0.019 0.376 0.010 0.595
427 CH027_427 (2) 1 :  0.006 0.009 0.006 0.979
428 CH028_428 (0) 1 :  0.138 0.014 0.006 0.841
429 CH029_429 (0) 1 :  0.003 0.204 0.016 0.777
430 CH030_430 (0) 1 :  0.009 0.096 0.011 0.884
431 CH031_431 (0) 1 :  0.112 0.519 0.109 0.259
432 CH032_432 (0) 1 :  0.006 0.084 0.007 0.904
433 CH033_433 (1) 1 :  0.003 0.168 0.023 0.807
434 CH034_434 (0) 1 :  0.005 0.222 0.023 0.750
435 CH035_435 (0) 1 :  0.021 0.021 0.010 0.948
436 CH036_436 (0) 1 :  0.007 0.174 0.068 0.751
437 CH037_437 (0) 1 :  0.020 0.109 0.078 0.793
438 CH038_438 (0) 1 :  0.016 0.056 0.009 0.919
439 CH039_439 (3) 1 :  0.006 0.028 0.014 0.952
440 CH040_440 (0) 1 :  0.008 0.140 0.057 0.794
441 CH041_441 (0) 1 :  0.007 0.876 0.018 0.100
442 CH042_442 (1) 1 :  0.011 0.177 0.185 0.627
443 CH043_443 (1) 1 :  0.011 0.008 0.003 0.977
444 CH044_444 (0) 1 :  0.011 0.363 0.009 0.617
445 CH045_445 (0) 1 :  0.022 0.018 0.005 0.955
446 CH046_446 (0) 1 :  0.005 0.134 0.005 0.855
447 CH047_447 (0) 1 :  0.004 0.542 0.057 0.396
448 CH048_448 (0) 1 :  0.018 0.210 0.184 0.589
449 CH049_449 (0) 1 :  0.004 0.157 0.118 0.721
450 CH050_450 (1) 1 :  0.016 0.168 0.021 0.795
451 FRH001_451 (0) 2 :  0.032 0.838 0.056 0.074
452 FRH002_452 (0) 2 :  0.004 0.941 0.049 0.006
453 FRH003_453 (0) 2 :  0.007 0.969 0.009 0.015
454 FRH004_454 (0) 2 :  0.003 0.945 0.012 0.040
455 FRH005_455 (0) 2 :  0.008 0.130 0.844 0.018
456 FRH006_456 (0) 2 :  0.003 0.422 0.041 0.534
457 FRH007_457 (0) 2 :  0.021 0.529 0.075 0.375
458 FRH008_458 (0) 2 :  0.011 0.839 0.078 0.071
459 FRH009_459 (0) 2 :  0.005 0.859 0.007 0.128
460 FRH010_460 (1) 2 :  0.064 0.401 0.021 0.514
461 FRH011_461 (0) 2 :  0.005 0.530 0.043 0.422
462 FRH012_462 (1) 2 :  0.052 0.907 0.010 0.031
463 FRH013_463 (0) 2 :  0.017 0.610 0.028 0.345
464 FRH014_464 (0) 2 :  0.010 0.688 0.040 0.262
465 FRH015_465 (1) 2 :  0.009 0.280 0.176 0.536
466 FRH016_466 (0) 2 :  0.006 0.075 0.017 0.902
467 FRH017_467 (0) 2 :  0.004 0.045 0.941 0.011
468 FRH018_468 (1) 2 :  0.079 0.270 0.011 0.640
469 FRH019_469 (0) 2 :  0.012 0.040 0.045 0.903
470 FRH020_470 (0) 2 :  0.017 0.943 0.009 0.031
471 FRH021_471 (0) 2 :  0.003 0.837 0.029 0.131
472 FRH022_472 (2) 2 :  0.012 0.883 0.070 0.035
473 FRH023_473 (0) 2 :  0.011 0.211 0.023 0.755
474 FRH024_474 (0) 2 :  0.005 0.706 0.023 0.266
475 FRH025_475 (0) 2 :  0.003 0.826 0.131 0.039
476 FRH026_476 (1) 2 :  0.010 0.897 0.009 0.084
477 FRH027_477 (0) 2 :  0.016 0.921 0.013 0.050
478 FRH028_478 (0) 2 :  0.029 0.888 0.055 0.028
479 FRH029_479 (0) 2 :  0.004 0.044 0.017 0.935
480 FRH030_480 (0) 2 :  0.034 0.586 0.330 0.050
481 FRH031_481 (0) 2 :  0.007 0.106 0.030 0.857
482 FRH032_482 (0) 2 :  0.012 0.915 0.012 0.062
483 FRH033_483 (0) 2 :  0.011 0.130 0.009 0.850
484 FRH034_484 (0) 2 :  0.006 0.950 0.016 0.027
485 FRH035_485 (0) 2 :  0.048 0.296 0.067 0.590
486 FRH036_486 (2) 2 :  0.007 0.247 0.513 0.233
487 FRH037_487 (0) 2 :  0.003 0.829 0.133 0.034
488 FRH038_488 (0) 2 :  0.006 0.768 0.035 0.191
489 FRH039_489 (0) 2 :  0.042 0.345 0.583 0.030
490 FRH040_490 (0) 2 :  0.003 0.927 0.024 0.046
491 FRH041_491 (0) 2 :  0.071 0.620 0.187 0.122
492 FRH042_492 (0) 2 :  0.032 0.315 0.031 0.622
493 FRH043_493 (0) 2 :  0.015 0.937 0.032 0.017
494 FRH044_494 (0) 2 :  0.021 0.019 0.933 0.027
495 FRH045_495 (0) 2 :  0.011 0.797 0.156 0.035
496 FRH046_496 (0) 2 :  0.004 0.877 0.061 0.058
497 FRH047_497 (0) 2 :  0.030 0.591 0.326 0.053
498 FRH048_498 (0) 2 :  0.007 0.769 0.015 0.209
499 FRH049_499 (0) 2 :  0.016 0.510 0.016 0.459
500 FRH050_500 (1) 2 :  0.009 0.475 0.160 0.356
501 FRH001_501 (0) 2 :  0.016 0.670 0.022 0.293
502 FRH002_502 (0) 2 :  0.003 0.970 0.010 0.017
503 FRH003_503 (0) 2 :  0.012 0.967 0.012 0.009
504 FRH004_504 (0) 2 :  0.012 0.841 0.032 0.115
505 FRH005_505 (0) 2 :  0.035 0.055 0.031 0.879
506 FRH006_506 (2) 2 :  0.009 0.941 0.013 0.037
507 FRH007_507 (0) 2 :  0.007 0.962 0.018 0.013
508 FRH008_508 (1) 2 :  0.014 0.930 0.007 0.049
509 FRH009_509 (0) 2 :  0.014 0.518 0.011 0.458
510 FRH010_510 (0) 2 :  0.038 0.231 0.018 0.713
511 FRH011_511 (0) 2 :  0.023 0.870 0.011 0.095
512 FRH012_512 (1) 2 :  0.010 0.918 0.018 0.055
513 FRH013_513 (0) 2 :  0.004 0.645 0.144 0.207
514 FRH014_514 (0) 2 :  0.004 0.234 0.013 0.750
515 FRH015_515 (0) 2 :  0.128 0.650 0.119 0.102
516 FRH016_516 (0) 2 :  0.060 0.714 0.027 0.199
517 FRH017_517 (0) 2 :  0.012 0.603 0.010 0.374
518 FRH018_518 (0) 2 :  0.109 0.114 0.039 0.738
519 FRH019_519 (0) 2 :  0.013 0.933 0.015 0.039
520 FRH020_520 (0) 2 :  0.005 0.922 0.014 0.059
521 FRH021_521 (0) 2 :  0.023 0.491 0.151 0.336
522 FRH022_522 (0) 2 :  0.005 0.652 0.292 0.051
523 FRH023_523 (0) 2 :  0.004 0.777 0.017 0.202
524 FRH024_524 (0) 2 :  0.356 0.066 0.050 0.528
525 FRH025_525 (1) 2 :  0.005 0.932 0.040 0.024
526 FRH026_526 (0) 2 :  0.008 0.193 0.630 0.169
527 FRH027_527 (0) 2 :  0.006 0.885 0.054 0.055
528 FRH028_528 (0) 2 :  0.004 0.943 0.017 0.037
529 FRH029_529 (1) 2 :  0.010 0.861 0.013 0.115
530 FRH030_530 (0) 2 :  0.005 0.491 0.213 0.292
531 FRH031_531 (0) 2 :  0.004 0.932 0.047 0.017
532 FRH032_532 (1) 2 :  0.016 0.821 0.015 0.148
533 FRH033_533 (0) 2 :  0.006 0.820 0.144 0.030
534 FRH034_534 (3) 2 :  0.008 0.959 0.016 0.016
535 FRH035_535 (0) 2 :  0.005 0.909 0.020 0.067
536 FRH036_536 (0) 2 :  0.024 0.800 0.072 0.103
537 FRH037_537 (0) 2 :  0.004 0.758 0.046 0.191
538 FRH038_538 (0) 2 :  0.005 0.926 0.018 0.050
539 FRH039_539 (0) 2 :  0.004 0.962 0.010 0.024
540 FRH040_540 (0) 2 :  0.005 0.907 0.031 0.056
541 FRH041_541 (0) 2 :  0.007 0.960 0.016 0.018
542 FRH042_542 (2) 2 :  0.021 0.647 0.033 0.300
543 FRH043_543 (0) 2 :  0.008 0.918 0.049 0.024
544 FRH044_544 (0) 2 :  0.098 0.837 0.019 0.046
545 FRH045_545 (0) 2 :  0.011 0.147 0.098 0.744
546 FRH046_546 (0) 2 :  0.007 0.933 0.035 0.025
547 FRH047_547 (0) 2 :  0.007 0.828 0.016 0.150
548 FRH048_548 (0) 2 :  0.017 0.877 0.084 0.021
549 FRH049_549 (0) 2 :  0.006 0.925 0.021 0.048
550 FRH050_550 (0) 2 :  0.006 0.931 0.017 0.045
551 FRH001_551 (0) 2 :  0.006 0.472 0.478 0.043
552 FRH002_552 (0) 2 :  0.005 0.921 0.014 0.060
553 FRH003_553 (0) 2 :  0.005 0.478 0.029 0.488
554 FRH004_554 (0) 2 :  0.007 0.470 0.008 0.515
555 FRH005_555 (0) 2 :  0.039 0.622 0.080 0.258
556 FRH006_556 (0) 2 :  0.011 0.361 0.164 0.464
557 FRH007_557 (0) 2 :  0.005 0.756 0.201 0.038
558 FRH008_558 (0) 2 :  0.007 0.801 0.054 0.138
559 FRH009_559 (0) 2 :  0.005 0.728 0.243 0.024
560 FRH010_560 (0) 2 :  0.047 0.551 0.230 0.173
561 FRH011_561 (1) 2 :  0.004 0.915 0.044 0.037
562 FRH012_562 (0) 2 :  0.083 0.714 0.097 0.106
563 FRH013_563 (0) 2 :  0.005 0.065 0.906 0.023
564 FRH014_564 (0) 2 :  0.004 0.965 0.011 0.020
565 FRH015_565 (0) 2 :  0.005 0.712 0.261 0.021
566 FRH016_566 (0) 2 :  0.014 0.903 0.040 0.043
567 FRH017_567 (0) 2 :  0.014 0.899 0.019 0.068
568 FRH018_568 (0) 2 :  0.008 0.332 0.011 0.649
569 FRH019_569 (0) 2 :  0.027 0.818 0.060 0.095
570 FRH020_570 (0) 2 :  0.030 0.924 0.014 0.032
571 FRH021_571 (0) 2 :  0.030 0.532 0.020 0.418
572 FRH022_572 (0) 2 :  0.009 0.876 0.010 0.105
573 FRH023_573 (0) 2 :  0.039 0.873 0.043 0.044
574 FRH024_574 (2) 2 :  0.115 0.614 0.159 0.112
575 FRH025_575 (1) 2 :  0.027 0.311 0.010 0.652
576 FRH026_576 (0) 2 :  0.059 0.608 0.026 0.307
577 FRH027_577 (0) 2 :  0.005 0.040 0.944 0.010
578 FRH028_578 (0) 2 :  0.005 0.450 0.065 0.479
579 FRH029_579 (0) 2 :  0.061 0.666 0.030 0.243
580 FRH030_580 (1) 2 :  0.049 0.592 0.118 0.241
581 FRH031_581 (0) 2 :  0.010 0.299 0.127 0.564
582 FRH032_582 (1) 2 :  0.005 0.369 0.525 0.100
583 FRH033_583 (1) 2 :  0.007 0.656 0.019 0.318
584 FRH034_584 (1) 2 :  0.006 0.946 0.017 0.032
585 FRH035_585 (1) 2 :  0.019 0.490 0.148 0.343
586 FRH036_586 (0) 2 :  0.009 0.858 0.006 0.128
587 FRH037_587 (1) 2 :  0.010 0.944 0.034 0.013
588 FRH038_588 (0) 2 :  0.011 0.654 0.007 0.328
589 FRH039_589 (0) 2 :  0.004 0.642 0.009 0.346
590 FRH040_590 (0) 2 :  0.015 0.844 0.014 0.128
591 FRH041_591 (0) 2 :  0.011 0.392 0.139 0.458
592 FRH042_592 (0) 2 :  0.033 0.791 0.148 0.028
593 FRH043_593 (0) 2 :  0.004 0.391 0.510 0.094
594 FRH044_594 (0) 2 :  0.008 0.891 0.023 0.077
595 FRH045_595 (3) 2 :  0.024 0.960 0.005 0.011
596 FRH046_596 (0) 2 :  0.033 0.665 0.024 0.278
597 FRH047_597 (0) 2 :  0.025 0.915 0.039 0.021
598 FRH048_598 (0) 2 :  0.014 0.284 0.024 0.677
599 FRH049_599 (0) 2 :  0.015 0.840 0.046 0.100
600 FRH050_600 (1) 2 :  0.118 0.862 0.009 0.011
601 FRH001_601 (0) 2 :  0.019 0.465 0.012 0.504
602 FRH002_602 (0) 2 :  0.004 0.666 0.019 0.311
603 FRH003_603 (0) 2 :  0.009 0.897 0.045 0.049
604 FRH004_604 (1) 2 :  0.006 0.610 0.015 0.370
605 FRH005_605 (0) 2 :  0.004 0.760 0.022 0.213
606 FRH006_606 (0) 2 :  0.009 0.244 0.472 0.276
607 FRH007_607 (1) 2 :  0.010 0.789 0.021 0.180
608 FRH008_608 (0) 2 :  0.133 0.793 0.034 0.040
609 FRH009_609 (0) 2 :  0.012 0.404 0.045 0.539
610 FRH010_610 (0) 2 :  0.121 0.709 0.158 0.012
611 FRH011_611 (0) 2 :  0.034 0.127 0.275 0.564
612 FRH012_612 (0) 2 :  0.014 0.759 0.058 0.169
613 FRH013_613 (0) 2 :  0.018 0.266 0.299 0.416
614 FRH014_614 (1) 2 :  0.013 0.922 0.038 0.027
615 FRH015_615 (1) 2 :  0.010 0.696 0.117 0.176
616 FRH016_616 (0) 2 :  0.010 0.693 0.205 0.093
617 FRH017_617 (1) 2 :  0.006 0.917 0.062 0.015
618 FRH018_618 (0) 2 :  0.004 0.939 0.033 0.023
619 FRH019_619 (0) 2 :  0.034 0.771 0.038 0.158
620 FRH020_620 (0) 2 :  0.005 0.712 0.210 0.073
621 FRH021_621 (0) 2 :  0.052 0.857 0.037 0.054
622 FRH022_622 (0) 2 :  0.031 0.907 0.010 0.052
623 FRH023_623 (0) 2 :  0.004 0.972 0.008 0.016
624 FRH024_624 (0) 2 :  0.009 0.535 0.140 0.316
625 FRH025_625 (0) 2 :  0.005 0.622 0.300 0.074
626 FRH026_626 (0) 2 :  0.028 0.872 0.022 0.078
627 FRH027_627 (0) 2 :  0.006 0.952 0.025 0.017
628 FRH028_628 (1) 2 :  0.003 0.712 0.058 0.227
629 FRH029_629 (0) 2 :  0.012 0.887 0.041 0.060
630 FRH030_630 (0) 2 :  0.019 0.957 0.015 0.009
631 FRH031_631 (0) 2 :  0.017 0.928 0.024 0.031
632 FRH032_632 (1) 2 :  0.003 0.896 0.056 0.045
633 FRH033_633 (0) 2 :  0.009 0.744 0.114 0.133
634 FRH034_634 (1) 2 :  0.014 0.774 0.081 0.131
635 FRH035_635 (0) 2 :  0.011 0.744 0.013 0.232
636 FRH036_636 (0) 2 :  0.100 0.774 0.052 0.075
637 FRH037_637 (0) 2 :  0.011 0.169 0.656 0.163
638 FRH038_638 (0) 2 :  0.008 0.930 0.049 0.014
639 FRH039_639 (0) 2 :  0.017 0.357 0.032 0.593
640 FRH040_640 (0) 2 :  0.007 0.965 0.016 0.012
641 FRH041_641 (0) 2 :  0.004 0.158 0.016 0.822
642 FRH042_642 (0) 2 :  0.006 0.946 0.033 0.016
643 FRH043_643 (0) 2 :  0.015 0.294 0.207 0.483
644 FRH044_644 (0) 2 :  0.033 0.874 0.054 0.040
645 FRH045_645 (0) 2 :  0.002 0.235 0.745 0.017
646 FRH046_646 (0) 2 :  0.022 0.150 0.589 0.239
647 FRH047_647 (0) 2 :  0.017 0.920 0.023 0.041
648 FRH048_648 (1) 2 :  0.006 0.959 0.011 0.024
649 FRH049_649 (0) 2 :  0.074 0.745 0.086 0.095
650 FRH050_650 (0) 2 :  0.009 0.882 0.091 0.018
651 FRH001_651 (1) 2 :  0.010 0.734 0.076 0.180
652 FRH002_652 (1) 2 :  0.006 0.799 0.009 0.186
653 FRH003_653 (0) 2 :  0.008 0.079 0.016 0.898
654 FRH004_654 (0) 2 :  0.019 0.917 0.034 0.030
655 FRH005_655 (0) 2 :  0.034 0.695 0.023 0.249
656 FRH006_656 (2) 2 :  0.045 0.891 0.040 0.024
657 FRH007_657 (0) 2 :  0.018 0.925 0.019 0.037
658 FRH008_658 (0) 2 :  0.023 0.120 0.827 0.029
659 FRH009_659 (1) 2 :  0.010 0.949 0.009 0.032
660 FRH010_660 (0) 2 :  0.011 0.793 0.016 0.180
661 FRH011_661 (0) 2 :  0.009 0.934 0.020 0.037
662 FRH012_662 (0) 2 :  0.021 0.726 0.110 0.143
663 FRH013_663 (0) 2 :  0.004 0.865 0.082 0.049
664 FRH014_664 (1) 2 :  0.005 0.707 0.237 0.051
665 FRH015_665 (0) 2 :  0.072 0.904 0.006 0.019
666 FRH016_666 (0) 2 :  0.006 0.958 0.012 0.024
667 FRH017_667 (0) 2 :  0.005 0.939 0.019 0.037
668 FRH018_668 (1) 2 :  0.042 0.144 0.008 0.805
669 FRH019_669 (0) 2 :  0.026 0.810 0.063 0.101
670 FRH020_670 (0) 2 :  0.019 0.262 0.024 0.695
671 FRH021_671 (1) 2 :  0.009 0.781 0.078 0.132
672 FRH022_672 (9) 2 :  0.007 0.747 0.041 0.206
673 FRH023_673 (0) 2 :  0.004 0.947 0.014 0.034
674 FRH024_674 (0) 2 :  0.008 0.638 0.081 0.273
675 FRH025_675 (0) 2 :  0.031 0.609 0.142 0.217
676 FRH026_676 (0) 2 :  0.005 0.875 0.007 0.113
677 FRH027_677 (1) 2 :  0.007 0.952 0.011 0.031
678 FRH028_678 (0) 2 :  0.019 0.881 0.076 0.024
679 FRH029_679 (0) 2 :  0.007 0.792 0.026 0.175
680 FRH030_680 (0) 2 :  0.123 0.306 0.038 0.533
681 FRH031_681 (0) 2 :  0.038 0.782 0.064 0.116
682 FRH032_682 (0) 2 :  0.003 0.262 0.010 0.725
683 FRH033_683 (0) 2 :  0.004 0.817 0.107 0.072
684 FRH034_684 (2) 2 :  0.010 0.621 0.014 0.355
685 FRH035_685 (2) 2 :  0.006 0.709 0.181 0.104
686 FRH036_686 (1) 2 :  0.010 0.908 0.018 0.065
687 FRH037_687 (0) 2 :  0.004 0.881 0.008 0.108
688 FRH038_688 (0) 2 :  0.006 0.897 0.012 0.086
689 FRH039_689 (0) 2 :  0.006 0.057 0.008 0.929
690 FRH040_690 (0) 2 :  0.065 0.325 0.127 0.482
691 FRH041_691 (0) 2 :  0.035 0.783 0.017 0.164
692 FRH042_692 (0) 2 :  0.012 0.134 0.570 0.284
693 FRH043_693 (1) 2 :  0.003 0.740 0.010 0.247
694 FRH044_694 (0) 2 :  0.010 0.945 0.007 0.038
695 FRH045_695 (0) 2 :  0.016 0.880 0.052 0.053
696 FRH046_696 (0) 2 :  0.003 0.473 0.513 0.011
697 FRH047_697 (0) 2 :  0.129 0.543 0.055 0.273
698 FRH048_698 (1) 2 :  0.005 0.756 0.014 0.225
699 FRH049_699 (0) 2 :  0.106 0.819 0.017 0.058
700 FRH050_700 (0) 2 :  0.007 0.774 0.088 0.131
701 FRH001_701 (1) 2 :  0.177 0.745 0.011 0.067
702 FRH002_702 (0) 2 :  0.012 0.138 0.576 0.274
703 FRH003_703 (0) 2 :  0.007 0.377 0.566 0.050
704 FRH004_704 (0) 2 :  0.049 0.368 0.016 0.567
705 FRH005_705 (1) 2 :  0.015 0.791 0.177 0.016
706 FRH006_706 (2) 2 :  0.041 0.905 0.039 0.015
707 FRH007_707 (0) 2 :  0.117 0.763 0.098 0.022
708 FRH008_708 (0) 2 :  0.005 0.978 0.008 0.009
709 FRH009_709 (0) 2 :  0.086 0.597 0.111 0.205
710 FRH010_710 (0) 2 :  0.208 0.556 0.017 0.218
711 FRH011_711 (0) 2 :  0.048 0.626 0.225 0.102
712 FRH012_712 (0) 2 :  0.005 0.953 0.029 0.013
713 FRH013_713 (0) 2 :  0.041 0.908 0.026 0.025
714 FRH014_714 (0) 2 :  0.010 0.400 0.514 0.077
715 FRH015_715 (0) 2 :  0.006 0.925 0.040 0.029
716 FRH016_716 (0) 2 :  0.041 0.142 0.152 0.665
717 FRH017_717 (0) 2 :  0.003 0.017 0.044 0.936
718 FRH018_718 (2) 2 :  0.071 0.591 0.014 0.324
719 FRH019_719 (0) 2 :  0.012 0.492 0.373 0.123
720 FRH020_720 (5) 2 :  0.008 0.951 0.014 0.027
721 FRH021_721 (0) 2 :  0.005 0.621 0.201 0.173
722 FRH022_722 (0) 2 :  0.003 0.679 0.122 0.195
723 FRH023_723 (1) 2 :  0.085 0.861 0.023 0.031
724 FRH024_724 (0) 2 :  0.006 0.951 0.012 0.031
725 FRH025_725 (2) 2 :  0.004 0.656 0.240 0.100
726 FRH026_726 (0) 2 :  0.009 0.564 0.164 0.263
727 FRH027_727 (1) 2 :  0.007 0.825 0.031 0.137
728 FRH028_728 (0) 2 :  0.020 0.840 0.018 0.122
729 FRH029_729 (0) 2 :  0.004 0.428 0.008 0.560
730 FRH030_730 (1) 2 :  0.004 0.764 0.193 0.039
731 FRH031_731 (0) 2 :  0.004 0.922 0.062 0.012
732 FRH032_732 (0) 2 :  0.011 0.961 0.014 0.014
733 FRH033_733 (0) 2 :  0.010 0.965 0.015 0.011
734 FRH034_734 (0) 2 :  0.008 0.944 0.008 0.040
735 FRH035_735 (0) 2 :  0.049 0.389 0.443 0.119
736 FRH036_736 (0) 2 :  0.006 0.685 0.263 0.046
737 FRH037_737 (1) 2 :  0.008 0.584 0.371 0.037
738 FRH038_738 (1) 2 :  0.009 0.741 0.052 0.199
739 FRH039_739 (0) 2 :  0.011 0.949 0.008 0.032
740 FRH040_740 (0) 2 :  0.032 0.471 0.092 0.406
741 FRH041_741 (0) 2 :  0.004 0.749 0.208 0.040
742 FRH042_742 (0) 2 :  0.004 0.233 0.011 0.752
743 FRH043_743 (8) 2 :  0.008 0.959 0.008 0.024
744 FRH044_744 (0) 2 :  0.032 0.738 0.010 0.219
745 FRH045_745 (0) 2 :  0.008 0.860 0.073 0.059
746 FRH046_746 (0) 2 :  0.010 0.138 0.014 0.838
747 FRH047_747 (0) 2 :  0.005 0.841 0.053 0.101
748 FRH048_748 (0) 2 :  0.013 0.621 0.029 0.337
749 FRH049_749 (0) 2 :  0.087 0.856 0.009 0.048
750 FRH050_750 (0) 2 :  0.005 0.862 0.077 0.057
751 FRH001_751 (0) 2 :  0.014 0.828 0.104 0.054
752 FRH002_752 (1) 2 :  0.011 0.938 0.007 0.044
753 FRH003_753 (0) 2 :  0.017 0.639 0.015 0.329
754 FRH004_754 (1) 2 :  0.008 0.078 0.012 0.902
755 FRH005_755 (1) 2 :  0.005 0.920 0.020 0.054
756 FRH006_756 (1) 2 :  0.049 0.301 0.585 0.064
757 FRH007_757 (1) 2 :  0.051 0.732 0.062 0.156
758 FRH008_758 (0) 2 :  0.061 0.845 0.075 0.019
759 FRH009_759 (1) 2 :  0.007 0.948 0.011 0.035
760 FRH010_760 (1) 2 :  0.054 0.874 0.018 0.054
761 FRH011_761 (1) 2 :  0.007 0.595 0.027 0.371
762 FRH012_762 (1) 2 :  0.021 0.447 0.041 0.491
763 FRH013_763 (0) 2 :  0.007 0.839 0.053 0.100
764 FRH014_764 (0) 2 :  0.030 0.353 0.035 0.582
765 FRH015_765 (0) 2 :  0.045 0.613 0.168 0.174
766 FRH016_766 (0) 2 :  0.003 0.054 0.079 0.864
767 FRH017_767 (1) 2 :  0.011 0.957 0.021 0.010
768 FRH018_768 (0) 2 :  0.009 0.915 0.011 0.066
769 FRH019_769 (0) 2 :  0.003 0.969 0.018 0.009
770 FRH020_770 (0) 2 :  0.006 0.917 0.031 0.047
771 FRH021_771 (0) 2 :  0.028 0.925 0.011 0.036
772 FRH022_772 (1) 2 :  0.022 0.900 0.013 0.065
773 FRH023_773 (1) 2 :  0.046 0.916 0.019 0.019
774 FRH024_774 (0) 2 :  0.014 0.081 0.045 0.861
775 FRH025_775 (0) 2 :  0.003 0.275 0.711 0.011
776 FRH026_776 (0) 2 :  0.026 0.788 0.018 0.168
777 FRH027_777 (0) 2 :  0.008 0.808 0.072 0.112
778 FRH028_778 (1) 2 :  0.216 0.507 0.190 0.087
779 FRH029_779 (0) 2 :  0.006 0.697 0.269 0.028
780 FRH030_780 (0) 2 :  0.007 0.177 0.010 0.805
781 FRH031_781 (1) 2 :  0.016 0.956 0.022 0.007
782 FRH032_782 (3) 2 :  0.026 0.829 0.121 0.023
783 FRH033_783 (0) 2 :  0.004 0.941 0.022 0.033
784 FRH034_784 (0) 2 :  0.014 0.686 0.008 0.293
785 FRH035_785 (0) 2 :  0.007 0.185 0.018 0.790
786 FRH036_786 (0) 2 :  0.010 0.400 0.509 0.081
787 FRH037_787 (2) 2 :  0.007 0.012 0.005 0.975
788 FRH038_788 (0) 2 :  0.005 0.955 0.020 0.020
789 FRH039_789 (0) 2 :  0.012 0.960 0.010 0.018
790 FRH040_790 (0) 2 :  0.080 0.785 0.023 0.112
791 FRH041_791 (0) 2 :  0.042 0.881 0.010 0.068
792 FRH042_792 (0) 2 :  0.027 0.723 0.091 0.160
793 FRH043_793 (0) 2 :  0.005 0.835 0.047 0.114
794 FRH044_794 (1) 2 :  0.017 0.924 0.016 0.043
795 FRH045_795 (0) 2 :  0.007 0.178 0.512 0.303
796 FRH046_796 (0) 2 :  0.012 0.841 0.033 0.113
797 FRH047_797 (0) 2 :  0.004 0.898 0.027 0.071
798 FRH048_798 (0) 2 :  0.027 0.682 0.080 0.211
799 FRH049_799 (0) 2 :  0.021 0.937 0.010 0.032
800 FRH050_800 (0) 2 :  0.005 0.945 0.039 0.011
801 FRH001_801 (0) 2 :  0.090 0.441 0.414 0.055
802 FRH002_802 (0) 2 :  0.005 0.889 0.049 0.057
803 FRH003_803 (1) 2 :  0.014 0.842 0.014 0.130
804 FRH004_804 (0) 2 :  0.008 0.575 0.073 0.344
805 FRH005_805 (0) 2 :  0.013 0.364 0.538 0.085
806 FRH006_806 (0) 2 :  0.006 0.644 0.230 0.119
807 FRH007_807 (1) 2 :  0.009 0.323 0.136 0.531
808 FRH008_808 (0) 2 :  0.056 0.686 0.176 0.082
809 FRH009_809 (0) 2 :  0.055 0.818 0.005 0.122
810 FRH010_810 (0) 2 :  0.003 0.016 0.970 0.011
811 FRH011_811 (1) 2 :  0.004 0.957 0.009 0.029
812 FRH012_812 (0) 2 :  0.202 0.208 0.029 0.560
813 FRH013_813 (0) 2 :  0.007 0.900 0.022 0.071
814 FRH014_814 (0) 2 :  0.028 0.131 0.195 0.646
815 FRH015_815 (1) 2 :  0.032 0.035 0.850 0.083
816 FRH016_816 (0) 2 :  0.008 0.079 0.010 0.903
817 FRH017_817 (0) 2 :  0.008 0.186 0.006 0.800
818 FRH018_818 (0) 2 :  0.152 0.676 0.157 0.016
819 FRH019_819 (1) 2 :  0.203 0.507 0.099 0.192
820 FRH020_820 (0) 2 :  0.005 0.159 0.738 0.098
821 FRH021_821 (0) 2 :  0.008 0.897 0.017 0.077
822 FRH022_822 (0) 2 :  0.006 0.968 0.011 0.015
823 FRH023_823 (0) 2 :  0.020 0.304 0.085 0.591
824 FRH024_824 (0) 2 :  0.004 0.948 0.017 0.032
825 FRH025_825 (0) 2 :  0.052 0.521 0.280 0.147
826 FRH026_826 (0) 2 :  0.073 0.429 0.221 0.278
827 FRH027_827 (0) 2 :  0.024 0.732 0.078 0.166
828 FRH028_828 (0) 2 :  0.035 0.946 0.012 0.007
829 FRH029_829 (0) 2 :  0.011 0.762 0.067 0.160
830 FRH030_830 (0) 2 :  0.053 0.879 0.010 0.059
831 FRH031_831 (1) 2 :  0.421 0.292 0.086 0.201
832 FRH032_832 (0) 2 :  0.011 0.931 0.024 0.033
833 FRH033_833 (0) 2 :  0.007 0.644 0.037 0.311
834 FRH034_834 (0) 2 :  0.005 0.858 0.105 0.032
835 FRH035_835 (0) 2 :  0.007 0.849 0.042 0.102
836 FRH036_836 (0) 2 :  0.018 0.582 0.053 0.347
837 FRH037_837 (0) 2 :  0.011 0.825 0.016 0.149
838 FRH038_838 (1) 2 :  0.005 0.498 0.126 0.372
839 FRH039_839 (1) 2 :  0.009 0.867 0.063 0.062
840 FRH040_840 (0) 2 :  0.009 0.905 0.028 0.058
841 FRH041_841 (0) 2 :  0.009 0.881 0.015 0.094
842 FRH042_842 (0) 2 :  0.008 0.248 0.027 0.718
843 FRH043_843 (0) 2 :  0.017 0.916 0.008 0.059
844 FRH044_844 (0) 2 :  0.005 0.592 0.256 0.147
845 FRH045_845 (0) 2 :  0.058 0.921 0.013 0.009
846 FRH046_846 (0) 2 :  0.015 0.651 0.067 0.267
847 FRH047_847 (0) 2 :  0.005 0.342 0.490 0.164
