1 CH001_1 (0) 1 :  0.010 0.010 0.968 0.012
2 CH002_2 (0) 1 :  0.010 0.328 0.644 0.017
3 CH003_3 (0) 1 :  0.010 0.121 0.815 0.053
4 CH004_4 (0) 1 :  0.011 0.085 0.887 0.016
5 CH005_5 (1) 1 :  0.007 0.057 0.926 0.011
6 CH006_6 (0) 1 :  0.003 0.134 0.849 0.014
7 CH007_7 (5) 1 :  0.012 0.872 0.104 0.012
8 CH008_8 (0) 1 :  0.043 0.240 0.692 0.026
9 CH009_9 (0) 1 :  0.039 0.011 0.936 0.014
10 CH010_10 (2) 1 :  0.004 0.055 0.880 0.061
11 CH011_11 (0) 1 :  0.043 0.019 0.930 0.007
12 CH012_12 (0) 1 :  0.010 0.019 0.931 0.040
13 CH013_13 (0) 1 :  0.007 0.055 0.915 0.024
14 CH014_14 (0) 1 :  0.005 0.118 0.792 0.085
15 CH015_15 (0) 1 :  0.026 0.510 0.450 0.014
16 CH016_16 (0) 1 :  0.067 0.271 0.218 0.444
17 CH017_17 (0) 1 :  0.013 0.137 0.812 0.038
18 CH018_18 (0) 1 :  0.019 0.055 0.899 0.027
19 CH019_19 (0) 1 :  0.074 0.188 0.645 0.093
20 CH020_20 (0) 1 :  0.051 0.031 0.906 0.011
21 CH021_21 (1) 1 :  0.011 0.009 0.975 0.005
22 CH022_22 (1) 1 :  0.041 0.180 0.775 0.005
23 CH023_23 (0) 1 :  0.016 0.074 0.898 0.012
24 CH024_24 (0) 1 :  0.011 0.029 0.953 0.007
25 CH025_25 (0) 1 :  0.008 0.090 0.883 0.019
26 CH026_26 (1) 1 :  0.015 0.194 0.642 0.149
27 CH027_27 (1) 1 :  0.012 0.073 0.888 0.027
28 CH028_28 (0) 1 :  0.015 0.019 0.951 0.014
29 CH029_29 (2) 1 :  0.008 0.075 0.897 0.020
30 CH030_30 (0) 1 :  0.027 0.530 0.419 0.024
31 CH031_31 (1) 1 :  0.004 0.015 0.967 0.015
32 CH032_32 (0) 1 :  0.009 0.030 0.946 0.015
33 CH033_33 (0) 1 :  0.005 0.015 0.950 0.029
34 CH034_34 (0) 1 :  0.093 0.020 0.874 0.013
35 CH035_35 (0) 1 :  0.016 0.468 0.492 0.025
36 CH036_36 (1) 1 :  0.017 0.232 0.586 0.165
37 CH037_37 (0) 1 :  0.008 0.015 0.971 0.006
38 CH038_38 (0) 1 :  0.003 0.082 0.883 0.031
39 CH039_39 (0) 1 :  0.015 0.110 0.753 0.122
40 CH040_40 (0) 1 :  0.056 0.038 0.890 0.015
41 CH041_41 (0) 1 :  0.021 0.015 0.958 0.006
42 CH042_42 (0) 1 :  0.052 0.078 0.798 0.072
43 CH043_43 (0) 1 :  0.013 0.178 0.723 0.086
44 CH044_44 (0) 1 :  0.006 0.006 0.974 0.013
45 CH045_45 (0) 1 :  0.004 0.132 0.836 0.028
46 CH046_46 (0) 1 :  0.008 0.074 0.907 0.011
47 CH047_47 (0) 1 :  0.014 0.045 0.913 0.027
48 CH048_48 (0) 1 :  0.013 0.291 0.623 0.074
49 CH049_49 (1) 1 :  0.017 0.055 0.870 0.058
50 CH050_50 (0) 1 :  0.004 0.156 0.806 0.035
51 CH001_51 (0) 1 :  0.098 0.032 0.859 0.012
52 CH002_52 (0) 1 :  0.005 0.023 0.965 0.007
53 CH003_53 (0) 1 :  0.006 0.025 0.959 0.009
54 CH004_54 (0) 1 :  0.006 0.017 0.969 0.008
55 CH005_55 (0) 1 :  0.111 0.073 0.807 0.009
56 CH006_56 (0) 1 :  0.004 0.023 0.952 0.021
57 CH007_57 (0) 1 :  0.018 0.220 0.748 0.014
58 CH008_58 (0) 1 :  0.063 0.013 0.920 0.004
59 CH009_59 (0) 1 :  0.123 0.250 0.620 0.007
60 CH010_60 (0) 1 :  0.021 0.043 0.906 0.030
61 CH011_61 (0) 1 :  0.024 0.030 0.940 0.006
62 CH012_62 (0) 1 :  0.003 0.051 0.925 0.021
63 CH013_63 (0) 1 :  0.050 0.048 0.885 0.017
64 CH014_64 (1) 1 :  0.005 0.190 0.797 0.008
65 CH015_65 (0) 1 :  0.066 0.137 0.574 0.224
66 CH016_66 (0) 1 :  0.010 0.074 0.907 0.009
67 CH017_67 (0) 1 :  0.005 0.526 0.432 0.037
68 CH018_68 (0) 1 :  0.007 0.014 0.973 0.007
69 CH019_69 (0) 1 :  0.022 0.008 0.961 0.009
70 CH020_70 (0) 1 :  0.009 0.500 0.468 0.023
71 CH021_71 (0) 1 :  0.004 0.018 0.910 0.068
72 CH022_72 (0) 1 :  0.052 0.159 0.653 0.136
73 CH023_73 (0) 1 :  0.009 0.034 0.952 0.005
74 CH024_74 (0) 1 :  0.010 0.020 0.965 0.004
75 CH025_75 (0) 1 :  0.015 0.032 0.946 0.007
76 CH026_76 (0) 1 :  0.032 0.215 0.715 0.038
77 CH027_77 (0) 1 :  0.003 0.012 0.969 0.015
78 CH028_78 (0) 1 :  0.013 0.222 0.710 0.055
79 CH029_79 (0) 1 :  0.004 0.009 0.971 0.016
80 CH030_80 (0) 1 :  0.010 0.374 0.605 0.011
81 CH031_81 (1) 1 :  0.012 0.324 0.651 0.014
82 CH032_82 (0) 1 :  0.012 0.687 0.260 0.041
83 CH033_83 (0) 1 :  0.004 0.052 0.933 0.012
84 CH034_84 (0) 1 :  0.003 0.033 0.952 0.012
85 CH035_85 (0) 1 :  0.020 0.023 0.942 0.015
86 CH036_86 (1) 1 :  0.006 0.059 0.921 0.013
87 CH037_87 (0) 1 :  0.009 0.236 0.748 0.008
88 CH038_88 (0) 1 :  0.079 0.590 0.324 0.007
89 CH039_89 (0) 1 :  0.015 0.707 0.186 0.092
90 CH040_90 (0) 1 :  0.006 0.017 0.971 0.006
91 CH041_91 (1) 1 :  0.006 0.445 0.521 0.028
92 CH042_92 (1) 1 :  0.008 0.016 0.970 0.006
93 CH043_93 (0) 1 :  0.013 0.042 0.937 0.008
94 CH044_94 (1) 1 :  0.005 0.048 0.938 0.008
95 CH045_95 (0) 1 :  0.017 0.276 0.685 0.022
96 CH046_96 (0) 1 :  0.005 0.086 0.863 0.046
97 CH047_97 (0) 1 :  0.058 0.026 0.909 0.007
98 CH048_98 (0) 1 :  0.105 0.672 0.207 0.016
99 CH049_99 (0) 1 :  0.009 0.253 0.583 0.155
100 CH050_100 (0) 1 :  0.005 0.024 0.959 0.012
101 CH001_101 (1) 1 :  0.006 0.009 0.977 0.009
102 CH002_102 (0) 1 :  0.073 0.043 0.856 0.028
103 CH003_103 (0) 1 :  0.020 0.010 0.958 0.012
104 CH004_104 (0) 1 :  0.017 0.086 0.797 0.101
105 CH005_105 (0) 1 :  0.084 0.027 0.879 0.010
106 CH006_106 (0) 1 :  0.033 0.011 0.949 0.007
107 CH007_107 (0) 1 :  0.018 0.094 0.859 0.030
108 CH008_108 (0) 1 :  0.005 0.060 0.921 0.015
109 CH009_109 (0) 1 :  0.024 0.025 0.938 0.012
110 CH010_110 (0) 1 :  0.060 0.113 0.812 0.015
111 CH011_111 (0) 1 :  0.011 0.118 0.857 0.014
112 CH012_112 (0) 1 :  0.010 0.203 0.762 0.025
113 CH013_113 (0) 1 :  0.018 0.073 0.901 0.008
114 CH014_114 (0) 1 :  0.021 0.060 0.913 0.006
115 CH015_115 (0) 1 :  0.003 0.012 0.974 0.012
116 CH016_116 (2) 1 :  0.006 0.241 0.719 0.033
117 CH017_117 (0) 1 :  0.005 0.051 0.935 0.008
118 CH018_118 (1) 1 :  0.007 0.017 0.966 0.010
119 CH019_119 (0) 1 :  0.013 0.441 0.510 0.036
120 CH020_120 (2) 1 :  0.014 0.686 0.250 0.050
121 CH021_121 (0) 1 :  0.222 0.053 0.617 0.107
122 CH022_122 (0) 1 :  0.004 0.039 0.941 0.016
123 CH023_123 (0) 1 :  0.008 0.018 0.964 0.010
124 CH024_124 (0) 1 :  0.007 0.014 0.969 0.009
125 CH025_125 (0) 1 :  0.004 0.041 0.915 0.040
126 CH026_126 (0) 1 :  0.018 0.183 0.765 0.034
127 CH027_127 (0) 1 :  0.006 0.016 0.971 0.007
128 CH028_128 (0) 1 :  0.009 0.663 0.285 0.043
129 CH029_129 (0) 1 :  0.037 0.509 0.437 0.017
130 CH030_130 (0) 1 :  0.007 0.015 0.967 0.011
131 CH031_131 (0) 1 :  0.003 0.008 0.983 0.006
132 CH032_132 (0) 1 :  0.004 0.010 0.979 0.007
133 CH033_133 (0) 1 :  0.004 0.658 0.317 0.021
134 CH034_134 (0) 1 :  0.019 0.019 0.931 0.032
135 CH035_135 (0) 1 :  0.038 0.068 0.884 0.010
136 CH036_136 (1) 1 :  0.004 0.167 0.802 0.027
137 CH037_137 (1) 1 :  0.045 0.456 0.481 0.018
138 CH038_138 (0) 1 :  0.064 0.053 0.866 0.017
139 CH039_139 (0) 1 :  0.386 0.091 0.470 0.053
140 CH040_140 (0) 1 :  0.026 0.026 0.940 0.008
141 CH041_141 (0) 1 :  0.005 0.102 0.566 0.327
142 CH042_142 (0) 1 :  0.008 0.021 0.928 0.043
143 CH043_143 (0) 1 :  0.006 0.020 0.957 0.017
144 CH044_144 (1) 1 :  0.023 0.780 0.185 0.011
145 CH045_145 (0) 1 :  0.076 0.013 0.898 0.014
146 CH046_146 (0) 1 :  0.010 0.263 0.699 0.029
147 CH047_147 (0) 1 :  0.026 0.075 0.531 0.368
148 CH048_148 (0) 1 :  0.003 0.032 0.956 0.008
149 CH049_149 (3) 1 :  0.013 0.191 0.790 0.005
150 CH050_150 (0) 1 :  0.006 0.027 0.959 0.008
151 CH001_151 (0) 1 :  0.012 0.087 0.865 0.037
152 CH002_152 (0) 1 :  0.014 0.039 0.918 0.029
153 CH003_153 (0) 1 :  0.002 0.008 0.977 0.012
154 CH004_154 (0) 1 :  0.026 0.466 0.433 0.075
155 CH005_155 (1) 1 :  0.004 0.123 0.826 0.048
156 CH006_156 (0) 1 :  0.013 0.457 0.524 0.006
157 CH007_157 (0) 1 :  0.202 0.089 0.678 0.031
158 CH008_158 (0) 1 :  0.008 0.008 0.978 0.006
159 CH009_159 (0) 1 :  0.017 0.084 0.882 0.017
160 CH010_160 (0) 1 :  0.003 0.023 0.962 0.012
161 CH011_161 (0) 1 :  0.011 0.046 0.923 0.020
162 CH012_162 (0) 1 :  0.018 0.070 0.891 0.021
163 CH013_163 (0) 1 :  0.033 0.853 0.037 0.077
164 CH014_164 (0) 1 :  0.043 0.301 0.629 0.027
165 CH015_165 (0) 1 :  0.070 0.061 0.817 0.052
166 CH016_166 (0) 1 :  0.004 0.393 0.585 0.019
167 CH017_167 (0) 1 :  0.018 0.026 0.944 0.013
168 CH018_168 (0) 1 :  0.020 0.263 0.710 0.007
169 CH019_169 (0) 1 :  0.046 0.026 0.718 0.209
170 CH020_170 (0) 1 :  0.007 0.135 0.846 0.012
171 CH021_171 (0) 1 :  0.004 0.175 0.768 0.053
172 CH022_172 (0) 1 :  0.008 0.065 0.908 0.019
173 CH023_173 (0) 1 :  0.007 0.236 0.593 0.163
174 CH024_174 (1) 1 :  0.195 0.118 0.636 0.051
175 CH025_175 (0) 1 :  0.018 0.780 0.185 0.018
176 CH026_176 (0) 1 :  0.007 0.024 0.956 0.013
177 CH027_177 (0) 1 :  0.006 0.027 0.950 0.017
178 CH028_178 (0) 1 :  0.007 0.063 0.815 0.115
179 CH029_179 (0) 1 :  0.015 0.013 0.953 0.020
180 CH030_180 (0) 1 :  0.012 0.147 0.818 0.023
181 CH031_181 (0) 1 :  0.019 0.027 0.680 0.274
182 CH032_182 (2) 1 :  0.004 0.017 0.970 0.009
183 CH033_183 (0) 1 :  0.003 0.096 0.842 0.059
184 CH034_184 (0) 1 :  0.011 0.693 0.284 0.012
185 CH035_185 (0) 1 :  0.004 0.045 0.916 0.035
186 CH036_186 (0) 1 :  0.010 0.152 0.721 0.116
187 CH037_187 (0) 1 :  0.006 0.010 0.969 0.015
188 CH038_188 (0) 1 :  0.010 0.019 0.950 0.021
189 CH039_189 (0) 1 :  0.008 0.023 0.942 0.027
190 CH040_190 (0) 1 :  0.008 0.030 0.954 0.008
191 CH041_191 (0) 1 :  0.006 0.061 0.917 0.016
192 CH042_192 (0) 1 :  0.008 0.008 0.979 0.005
193 CH043_193 (0) 1 :  0.013 0.067 0.906 0.014
194 CH044_194 (0) 1 :  0.005 0.445 0.523 0.027
195 CH045_195 (0) 1 :  0.007 0.016 0.971 0.006
196 CH046_196 (0) 1 :  0.006 0.035 0.936 0.023
197 CH047_197 (0) 1 :  0.003 0.007 0.965 0.025
198 CH048_198 (0) 1 :  0.011 0.022 0.953 0.014
199 CH049_199 (0) 1 :  0.004 0.258 0.730 0.008
200 CH050_200 (0) 1 :  0.026 0.040 0.926 0.008
201 CH001_201 (1) 1 :  0.021 0.083 0.890 0.005
202 CH002_202 (0) 1 :  0.014 0.074 0.890 0.022
203 CH003_203 (0) 1 :  0.012 0.322 0.651 0.016
204 CH004_204 (0) 1 :  0.009 0.031 0.953 0.008
205 CH005_205 (1) 1 :  0.004 0.039 0.937 0.019
206 CH006_206 (0) 1 :  0.028 0.024 0.931 0.016
207 CH007_207 (2) 1 :  0.096 0.023 0.618 0.264
208 CH008_208 (1) 1 :  0.019 0.077 0.892 0.012
209 CH009_209 (0) 1 :  0.006 0.023 0.946 0.025
210 CH010_210 (1) 1 :  0.028 0.040 0.920 0.012
211 CH011_211 (0) 1 :  0.010 0.016 0.953 0.021
212 CH012_212 (0) 1 :  0.024 0.016 0.953 0.006
213 CH013_213 (0) 1 :  0.002 0.009 0.980 0.009
214 CH014_214 (7) 1 :  0.015 0.112 0.397 0.476
215 CH015_215 (0) 1 :  0.012 0.068 0.901 0.020
216 CH016_216 (1) 1 :  0.005 0.011 0.975 0.009
217 CH017_217 (1) 1 :  0.012 0.256 0.694 0.038
218 CH018_218 (1) 1 :  0.005 0.013 0.972 0.010
219 CH019_219 (0) 1 :  0.003 0.083 0.893 0.021
220 CH020_220 (1) 1 :  0.067 0.555 0.354 0.024
221 CH021_221 (0) 1 :  0.007 0.070 0.904 0.019
222 CH022_222 (0) 1 :  0.028 0.034 0.931 0.007
223 CH023_223 (0) 1 :  0.017 0.076 0.639 0.268
224 CH024_224 (0) 1 :  0.015 0.162 0.800 0.023
225 CH025_225 (3) 1 :  0.006 0.016 0.972 0.006
226 CH026_226 (0) 1 :  0.018 0.009 0.953 0.020
227 CH027_227 (0) 1 :  0.005 0.009 0.977 0.008
228 CH028_228 (0) 1 :  0.004 0.015 0.973 0.008
229 CH029_229 (0) 1 :  0.006 0.357 0.627 0.009
230 CH030_230 (0) 1 :  0.095 0.560 0.317 0.028
231 CH031_231 (1) 1 :  0.046 0.076 0.860 0.019
232 CH032_232 (0) 1 :  0.026 0.020 0.826 0.128
233 CH033_233 (0) 1 :  0.022 0.018 0.952 0.007
234 CH034_234 (0) 1 :  0.031 0.331 0.614 0.025
235 CH035_235 (0) 1 :  0.050 0.010 0.925 0.014
236 CH036_236 (0) 1 :  0.079 0.117 0.242 0.562
237 CH037_237 (0) 1 :  0.005 0.047 0.930 0.018
238 CH038_238 (2) 1 :  0.005 0.032 0.955 0.008
239 CH039_239 (0) 1 :  0.027 0.011 0.933 0.029
240 CH040_240 (0) 1 :  0.004 0.011 0.976 0.010
241 CH041_241 (0) 1 :  0.036 0.312 0.645 0.007
242 CH042_242 (1) 1 :  0.007 0.531 0.409 0.053
243 CH043_243 (0) 1 :  0.010 0.012 0.969 0.010
244 CH044_244 (1) 1 :  0.026 0.177 0.772 0.025
245 CH045_245 (0) 1 :  0.024 0.376 0.584 0.015
246 CH046_246 (1) 1 :  0.010 0.936 0.047 0.006
247 CH047_247 (1) 1 :  0.003 0.037 0.948 0.011
248 CH048_248 (2) 1 :  0.009 0.092 0.881 0.018
249 CH049_249 (0) 1 :  0.010 0.183 0.724 0.083
250 CH050_250 (1) 1 :  0.074 0.041 0.828 0.057
251 CH001_251 (0) 1 :  0.007 0.053 0.901 0.039
252 CH002_252 (0) 1 :  0.017 0.074 0.567 0.342
253 CH003_253 (0) 1 :  0.004 0.066 0.916 0.014
254 CH004_254 (1) 1 :  0.019 0.010 0.967 0.004
255 CH005_255 (0) 1 :  0.012 0.032 0.949 0.007
256 CH006_256 (0) 1 :  0.007 0.011 0.963 0.019
257 CH007_257 (7) 1 :  0.017 0.023 0.953 0.007
258 CH008_258 (0) 1 :  0.155 0.027 0.810 0.008
259 CH009_259 (0) 1 :  0.014 0.091 0.872 0.023
260 CH010_260 (0) 1 :  0.014 0.015 0.924 0.047
261 CH011_261 (0) 1 :  0.010 0.265 0.627 0.098
262 CH012_262 (0) 1 :  0.005 0.013 0.977 0.004
263 CH013_263 (0) 1 :  0.088 0.308 0.562 0.043
264 CH014_264 (3) 1 :  0.008 0.028 0.957 0.007
265 CH015_265 (1) 1 :  0.033 0.009 0.950 0.007
266 CH016_266 (1) 1 :  0.004 0.032 0.956 0.008
267 CH017_267 (0) 1 :  0.015 0.033 0.947 0.005
268 CH018_268 (0) 1 :  0.010 0.021 0.964 0.005
269 CH019_269 (0) 1 :  0.012 0.083 0.889 0.016
270 CH020_270 (1) 1 :  0.006 0.033 0.941 0.020
271 CH021_271 (0) 1 :  0.008 0.431 0.534 0.027
272 CH022_272 (0) 1 :  0.008 0.178 0.727 0.087
273 CH023_273 (1) 1 :  0.014 0.045 0.852 0.089
274 CH024_274 (0) 1 :  0.005 0.013 0.058 0.923
275 CH025_275 (0) 1 :  0.004 0.025 0.957 0.015
276 CH026_276 (0) 1 :  0.006 0.012 0.977 0.005
277 CH027_277 (1) 1 :  0.003 0.013 0.975 0.009
278 CH028_278 (0) 1 :  0.047 0.034 0.864 0.055
279 CH029_279 (0) 1 :  0.030 0.245 0.695 0.030
280 CH030_280 (0) 1 :  0.012 0.054 0.889 0.045
281 CH031_281 (1) 1 :  0.023 0.123 0.835 0.019
282 CH032_282 (0) 1 :  0.012 0.024 0.958 0.006
283 CH033_283 (1) 1 :  0.005 0.043 0.931 0.021
284 CH034_284 (0) 1 :  0.004 0.027 0.958 0.011
285 CH035_285 (1) 1 :  0.011 0.404 0.576 0.009
286 CH036_286 (1) 1 :  0.020 0.262 0.704 0.014
287 CH037_287 (0) 1 :  0.069 0.024 0.898 0.010
288 CH038_288 (4) 1 :  0.007 0.518 0.459 0.017
289 CH039_289 (1) 1 :  0.007 0.196 0.780 0.017
290 CH040_290 (0) 1 :  0.009 0.017 0.954 0.020
291 CH041_291 (1) 1 :  0.008 0.040 0.924 0.028
292 CH042_292 (0) 1 :  0.003 0.012 0.973 0.012
293 CH043_293 (1) 1 :  0.005 0.027 0.950 0.018
294 CH044_294 (0) 1 :  0.012 0.025 0.958 0.005
295 CH045_295 (2) 1 :  0.003 0.026 0.090 0.881
296 CH046_296 (1) 1 :  0.009 0.292 0.680 0.018
297 CH047_297 (0) 1 :  0.014 0.011 0.970 0.005
298 CH048_298 (0) 1 :  0.007 0.434 0.545 0.014
299 CH049_299 (1) 1 :  0.004 0.068 0.888 0.040
300 CH050_300 (0) 1 :  0.004 0.081 0.804 0.110
301 CH001_301 (1) 1 :  0.006 0.682 0.271 0.041
302 CH002_302 (0) 1 :  0.050 0.055 0.884 0.012
303 CH003_303 (2) 1 :  0.020 0.904 0.065 0.012
304 CH004_304 (0) 1 :  0.013 0.329 0.513 0.144
305 CH005_305 (0) 1 :  0.010 0.469 0.455 0.065
306 CH006_306 (1) 1 :  0.014 0.088 0.807 0.091
307 CH007_307 (1) 1 :  0.006 0.030 0.878 0.087
308 CH008_308 (0) 1 :  0.006 0.026 0.960 0.008
309 CH009_309 (0) 1 :  0.003 0.078 0.913 0.006
310 CH010_310 (0) 1 :  0.006 0.007 0.978 0.009
311 CH011_311 (0) 1 :  0.003 0.021 0.965 0.010
312 CH012_312 (2) 1 :  0.032 0.077 0.845 0.046
313 CH013_313 (0) 1 :  0.075 0.107 0.813 0.004
314 CH014_314 (0) 1 :  0.003 0.028 0.963 0.007
315 CH015_315 (0) 1 :  0.006 0.028 0.856 0.111
316 CH016_316 (0) 1 :  0.025 0.358 0.575 0.042
317 CH017_317 (0) 1 :  0.162 0.050 0.779 0.008
318 CH018_318 (0) 1 :  0.046 0.011 0.934 0.009
319 CH019_319 (1) 1 :  0.014 0.857 0.111 0.018
320 CH020_320 (0) 1 :  0.027 0.134 0.829 0.009
321 CH021_321 (3) 1 :  0.013 0.041 0.927 0.018
322 CH022_322 (1) 1 :  0.021 0.125 0.834 0.020
323 CH023_323 (0) 1 :  0.010 0.466 0.511 0.013
324 CH024_324 (0) 1 :  0.012 0.006 0.953 0.029
325 CH025_325 (1) 1 :  0.018 0.066 0.905 0.010
326 CH026_326 (2) 1 :  0.005 0.020 0.963 0.011
327 CH027_327 (0) 1 :  0.008 0.007 0.978 0.006
328 CH028_328 (1) 1 :  0.004 0.071 0.874 0.051
329 CH029_329 (0) 1 :  0.004 0.010 0.968 0.018
330 CH030_330 (1) 1 :  0.003 0.013 0.975 0.009
331 CH031_331 (6) 1 :  0.008 0.025 0.959 0.008
332 CH032_332 (0) 1 :  0.004 0.069 0.912 0.014
333 CH033_333 (0) 1 :  0.009 0.130 0.839 0.022
334 CH034_334 (2) 1 :  0.004 0.074 0.855 0.068
335 CH035_335 (0) 1 :  0.006 0.012 0.958 0.024
336 CH036_336 (0) 1 :  0.010 0.040 0.846 0.104
337 CH037_337 (0) 1 :  0.017 0.146 0.798 0.039
338 CH038_338 (1) 1 :  0.010 0.014 0.967 0.008
339 CH039_339 (0) 1 :  0.014 0.011 0.940 0.035
340 CH040_340 (1) 1 :  0.008 0.016 0.970 0.006
341 CH041_341 (0) 1 :  0.004 0.038 0.739 0.219
342 CH042_342 (1) 1 :  0.007 0.057 0.920 0.016
343 CH043_343 (0) 1 :  0.014 0.049 0.914 0.023
344 CH044_344 (1) 1 :  0.006 0.052 0.921 0.021
345 CH045_345 (0) 1 :  0.006 0.112 0.873 0.008
346 CH046_346 (1) 1 :  0.004 0.165 0.808 0.024
347 CH047_347 (0) 1 :  0.006 0.164 0.821 0.009
348 CH048_348 (3) 1 :  0.005 0.181 0.719 0.095
349 CH049_349 (0) 1 :  0.005 0.517 0.427 0.052
350 CH050_350 (0) 1 :  0.009 0.181 0.802 0.009
351 CH001_351 (0) 1 :  0.011 0.680 0.264 0.044
352 CH002_352 (0) 1 :  0.010 0.164 0.813 0.013
353 CH003_353 (0) 1 :  0.011 0.867 0.113 0.010
354 CH004_354 (0) 1 :  0.012 0.078 0.903 0.007
355 CH005_355 (0) 1 :  0.006 0.049 0.874 0.072
356 CH006_356 (0) 1 :  0.004 0.010 0.973 0.012
357 CH007_357 (0) 1 :  0.050 0.324 0.606 0.019
358 CH008_358 (1) 1 :  0.003 0.254 0.646 0.096
359 CH009_359 (0) 1 :  0.004 0.925 0.059 0.012
360 CH010_360 (0) 1 :  0.006 0.052 0.925 0.017
361 CH011_361 (1) 1 :  0.040 0.014 0.938 0.008
362 CH012_362 (0) 1 :  0.005 0.012 0.975 0.008
363 CH013_363 (0) 1 :  0.004 0.009 0.980 0.007
364 CH014_364 (0) 1 :  0.013 0.051 0.922 0.014
365 CH015_365 (0) 1 :  0.011 0.098 0.853 0.038
366 CH016_366 (0) 1 :  0.005 0.175 0.807 0.013
367 CH017_367 (0) 1 :  0.009 0.066 0.886 0.040
368 CH018_368 (0) 1 :  0.013 0.033 0.935 0.019
369 CH019_369 (0) 1 :  0.131 0.486 0.346 0.037
370 CH020_370 (0) 1 :  0.006 0.035 0.931 0.028
371 CH021_371 (0) 1 :  0.011 0.020 0.953 0.016
372 CH022_372 (0) 1 :  0.018 0.103 0.867 0.012
373 CH023_373 (1) 1 :  0.019 0.023 0.953 0.005
374 CH024_374 (0) 1 :  0.006 0.932 0.029 0.033
375 CH025_375 (0) 1 :  0.007 0.052 0.888 0.054
376 CH026_376 (0) 1 :  0.053 0.022 0.920 0.005
377 CH027_377 (1) 1 :  0.006 0.026 0.286 0.682
378 CH028_378 (2) 1 :  0.004 0.017 0.969 0.010
379 CH029_379 (0) 1 :  0.006 0.040 0.938 0.015
380 CH030_380 (0) 1 :  0.005 0.023 0.200 0.772
381 CH031_381 (0) 1 :  0.006 0.012 0.955 0.026
382 CH032_382 (1) 1 :  0.006 0.081 0.893 0.020
383 CH033_383 (0) 1 :  0.008 0.025 0.955 0.013
384 CH034_384 (0) 1 :  0.031 0.010 0.955 0.004
385 CH035_385 (0) 1 :  0.023 0.557 0.402 0.018
386 CH036_386 (0) 1 :  0.011 0.765 0.144 0.079
387 CH037_387 (0) 1 :  0.003 0.011 0.156 0.830
388 CH038_388 (0) 1 :  0.004 0.032 0.953 0.011
389 CH039_389 (0) 1 :  0.026 0.040 0.907 0.027
390 CH040_390 (0) 1 :  0.014 0.037 0.942 0.007
391 CH041_391 (0) 1 :  0.005 0.052 0.765 0.178
392 CH042_392 (0) 1 :  0.015 0.022 0.936 0.027
393 CH043_393 (0) 1 :  0.012 0.031 0.949 0.008
394 CH044_394 (0) 1 :  0.004 0.030 0.960 0.006
395 CH045_395 (0) 1 :  0.006 0.036 0.930 0.027
396 CH046_396 (0) 1 :  0.004 0.020 0.945 0.030
397 CH047_397 (3) 1 :  0.009 0.098 0.767 0.126
398 CH048_398 (0) 1 :  0.003 0.107 0.860 0.030
399 CH049_399 (0) 1 :  0.009 0.031 0.883 0.077
400 CH050_400 (0) 1 :  0.035 0.165 0.649 0.150
401 CH001_401 (0) 1 :  0.014 0.581 0.317 0.088
402 CH002_402 (1) 1 :  0.015 0.072 0.887 0.026
403 CH003_403 (0) 1 :  0.003 0.014 0.873 0.110
404 CH004_404 (0) 1 :  0.034 0.050 0.897 0.019
405 CH005_405 (1) 1 :  0.006 0.026 0.957 0.012
406 CH006_406 (1) 1 :  0.003 0.786 0.171 0.039
407 CH007_407 (0) 1 :  0.008 0.044 0.925 0.023
408 CH008_408 (0) 1 :  0.008 0.096 0.879 0.017
409 CH009_409 (0) 1 :  0.011 0.331 0.644 0.013
410 CH010_410 (1) 1 :  0.007 0.488 0.418 0.087
411 CH011_411 (0) 1 :  0.003 0.029 0.956 0.011
412 CH012_412 (0) 1 :  0.005 0.015 0.975 0.006
413 CH013_413 (1) 1 :  0.035 0.718 0.188 0.060
414 CH014_414 (0) 1 :  0.007 0.017 0.965 0.012
415 CH015_415 (1) 1 :  0.006 0.039 0.943 0.012
416 CH016_416 (0) 1 :  0.007 0.044 0.931 0.018
417 CH017_417 (0) 1 :  0.006 0.123 0.811 0.059
418 CH018_418 (0) 1 :  0.009 0.919 0.040 0.032
419 CH019_419 (2) 1 :  0.018 0.037 0.818 0.128
420 CH020_420 (1) 1 :  0.006 0.014 0.961 0.019
421 CH021_421 (0) 1 :  0.017 0.390 0.563 0.029
422 CH022_422 (0) 1 :  0.008 0.027 0.953 0.012
423 CH023_423 (0) 1 :  0.020 0.080 0.892 0.008
424 CH024_424 (0) 1 :  0.016 0.238 0.737 0.009
425 CH025_425 (1) 1 :  0.034 0.143 0.730 0.094
426 CH026_426 (1) 1 :  0.014 0.043 0.932 0.012
427 CH027_427 (1) 1 :  0.009 0.104 0.848 0.039
428 CH028_428 (0) 1 :  0.015 0.803 0.146 0.037
429 CH029_429 (0) 1 :  0.022 0.114 0.852 0.011
430 CH030_430 (0) 1 :  0.007 0.149 0.834 0.009
431 CH031_431 (1) 1 :  0.017 0.119 0.841 0.023
432 CH032_432 (0) 1 :  0.003 0.010 0.981 0.006
433 CH033_433 (0) 1 :  0.019 0.049 0.922 0.010
434 CH034_434 (0) 1 :  0.005 0.389 0.577 0.028
435 CH035_435 (0) 1 :  0.007 0.147 0.791 0.054
436 CH036_436 (1) 1 :  0.030 0.065 0.696 0.210
437 CH037_437 (7) 1 :  0.007 0.038 0.942 0.013
438 CH038_438 (0) 1 :  0.012 0.012 0.958 0.018
439 CH039_439 (0) 1 :  0.006 0.010 0.980 0.005
440 CH040_440 (0) 1 :  0.005 0.019 0.970 0.006
441 CH041_441 (3) 1 :  0.010 0.348 0.632 0.010
442 CH042_442 (0) 1 :  0.004 0.030 0.949 0.017
443 CH043_443 (3) 1 :  0.010 0.061 0.916 0.013
444 CH044_444 (0) 1 :  0.011 0.015 0.966 0.008
445 CH045_445 (2) 1 :  0.004 0.196 0.788 0.012
446 CH046_446 (1) 1 :  0.006 0.192 0.760 0.042
447 CH047_447 (0) 1 :  0.004 0.011 0.953 0.032
448 CH048_448 (1) 1 :  0.037 0.386 0.543 0.034
449 CH049_449 (0) 1 :  0.006 0.012 0.708 0.275
450 CH050_450 (0) 1 :  0.004 0.113 0.820 0.063
451 FRH001_451 (0) 2 :  0.012 0.502 0.462 0.024
452 FRH002_452 (2) 2 :  0.017 0.938 0.026 0.020
453 FRH003_453 (1) 2 :  0.005 0.759 0.226 0.010
454 FRH004_454 (0) 2 :  0.006 0.928 0.016 0.050
455 FRH005_455 (0) 2 :  0.015 0.336 0.629 0.020
456 FRH006_456 (0) 2 :  0.010 0.960 0.022 0.008
457 FRH007_457 (0) 2 :  0.006 0.078 0.902 0.015
458 FRH008_458 (0) 2 :  0.007 0.335 0.059 0.600
459 FRH009_459 (1) 2 :  0.042 0.896 0.023 0.038
460 FRH010_460 (1) 2 :  0.098 0.767 0.054 0.081
461 FRH011_461 (0) 2 :  0.049 0.443 0.030 0.478
462 FRH012_462 (0) 2 :  0.012 0.801 0.037 0.150
463 FRH013_463 (1) 2 :  0.009 0.495 0.428 0.068
464 FRH014_464 (0) 2 :  0.007 0.480 0.472 0.041
465 FRH015_465 (0) 2 :  0.028 0.931 0.029 0.011
466 FRH016_466 (0) 2 :  0.014 0.226 0.734 0.026
467 FRH017_467 (1) 2 :  0.027 0.714 0.053 0.206
468 FRH018_468 (0) 2 :  0.009 0.637 0.017 0.337
469 FRH019_469 (2) 2 :  0.007 0.969 0.014 0.010
470 FRH020_470 (1) 2 :  0.005 0.809 0.172 0.014
471 FRH021_471 (3) 2 :  0.079 0.251 0.657 0.012
472 FRH022_472 (0) 2 :  0.009 0.800 0.165 0.026
473 FRH023_473 (0) 2 :  0.011 0.779 0.188 0.021
474 FRH024_474 (0) 2 :  0.012 0.226 0.015 0.748
475 FRH025_475 (0) 2 :  0.022 0.747 0.226 0.005
476 FRH026_476 (0) 2 :  0.004 0.919 0.024 0.053
477 FRH027_477 (0) 2 :  0.007 0.976 0.009 0.008
478 FRH028_478 (0) 2 :  0.027 0.683 0.255 0.035
479 FRH029_479 (5) 2 :  0.006 0.185 0.801 0.008
480 FRH030_480 (0) 2 :  0.031 0.702 0.021 0.246
481 FRH031_481 (0) 2 :  0.015 0.855 0.038 0.092
482 FRH032_482 (0) 2 :  0.005 0.891 0.007 0.096
483 FRH033_483 (0) 2 :  0.904 0.023 0.056 0.017
484 FRH034_484 (0) 2 :  0.008 0.850 0.024 0.117
485 FRH035_485 (0) 2 :  0.019 0.662 0.303 0.016
486 FRH036_486 (0) 2 :  0.011 0.273 0.705 0.010
487 FRH037_487 (0) 2 :  0.004 0.300 0.576 0.119
488 FRH038_488 (0) 2 :  0.030 0.930 0.012 0.028
489 FRH039_489 (1) 2 :  0.004 0.861 0.056 0.079
490 FRH040_490 (0) 2 :  0.014 0.941 0.033 0.012
491 FRH041_491 (0) 2 :  0.021 0.913 0.026 0.040
492 FRH042_492 (0) 2 :  0.013 0.699 0.041 0.247
493 FRH043_493 (1) 2 :  0.010 0.713 0.264 0.012
494 FRH044_494 (0) 2 :  0.007 0.929 0.045 0.019
495 FRH045_495 (0) 2 :  0.012 0.859 0.096 0.034
496 FRH046_496 (0) 2 :  0.042 0.029 0.917 0.012
497 FRH047_497 (0) 2 :  0.004 0.951 0.010 0.036
498 FRH048_498 (1) 2 :  0.014 0.091 0.887 0.009
499 FRH049_499 (0) 2 :  0.043 0.296 0.612 0.050
500 FRH050_500 (2) 2 :  0.004 0.299 0.690 0.007
501 FRH001_501 (0) 2 :  0.022 0.822 0.078 0.078
502 FRH002_502 (0) 2 :  0.003 0.967 0.022 0.007
503 FRH003_503 (1) 2 :  0.007 0.976 0.008 0.009
504 FRH004_504 (0) 2 :  0.004 0.956 0.013 0.027
505 FRH005_505 (0) 2 :  0.040 0.887 0.040 0.034
506 FRH006_506 (0) 2 :  0.060 0.643 0.162 0.135
507 FRH007_507 (2) 2 :  0.006 0.834 0.024 0.136
508 FRH008_508 (0) 2 :  0.005 0.711 0.263 0.021
509 FRH009_509 (0) 2 :  0.023 0.949 0.021 0.007
510 FRH010_510 (2) 2 :  0.015 0.941 0.035 0.008
511 FRH011_511 (0) 2 :  0.093 0.850 0.035 0.022
512 FRH012_512 (0) 2 :  0.007 0.924 0.026 0.043
513 FRH013_513 (0) 2 :  0.058 0.272 0.486 0.184
514 FRH014_514 (0) 2 :  0.017 0.908 0.064 0.011
515 FRH015_515 (0) 2 :  0.005 0.893 0.091 0.010
516 FRH016_516 (0) 2 :  0.007 0.374 0.544 0.075
517 FRH017_517 (0) 2 :  0.019 0.138 0.803 0.040
518 FRH018_518 (1) 2 :  0.004 0.941 0.010 0.046
519 FRH019_519 (0) 2 :  0.032 0.740 0.222 0.005
520 FRH020_520 (1) 2 :  0.004 0.847 0.081 0.068
521 FRH021_521 (0) 2 :  0.007 0.852 0.044 0.096
522 FRH022_522 (0) 2 :  0.025 0.927 0.018 0.030
523 FRH023_523 (0) 2 :  0.010 0.114 0.856 0.020
524 FRH024_524 (0) 2 :  0.020 0.915 0.054 0.011
525 FRH025_525 (1) 2 :  0.012 0.857 0.121 0.009
526 FRH026_526 (0) 2 :  0.008 0.939 0.037 0.016
527 FRH027_527 (0) 2 :  0.005 0.954 0.016 0.025
528 FRH028_528 (1) 2 :  0.005 0.894 0.084 0.017
529 FRH029_529 (0) 2 :  0.006 0.408 0.569 0.017
530 FRH030_530 (0) 2 :  0.063 0.812 0.120 0.005
531 FRH031_531 (0) 2 :  0.005 0.964 0.024 0.007
532 FRH032_532 (0) 2 :  0.008 0.969 0.013 0.011
533 FRH033_533 (0) 2 :  0.005 0.970 0.018 0.007
534 FRH034_534 (0) 2 :  0.020 0.860 0.018 0.102
535 FRH035_535 (0) 2 :  0.031 0.858 0.087 0.023
536 FRH036_536 (2) 2 :  0.010 0.730 0.254 0.006
537 FRH037_537 (0) 2 :  0.012 0.762 0.151 0.076
538 FRH038_538 (1) 2 :  0.008 0.945 0.033 0.013
539 FRH039_539 (0) 2 :  0.026 0.603 0.325 0.046
540 FRH040_540 (0) 2 :  0.004 0.047 0.021 0.928
541 FRH041_541 (0) 2 :  0.015 0.658 0.250 0.077
542 FRH042_542 (0) 2 :  0.035 0.616 0.336 0.013
543 FRH043_543 (0) 2 :  0.007 0.722 0.257 0.014
544 FRH044_544 (4) 2 :  0.016 0.831 0.138 0.015
545 FRH045_545 (0) 2 :  0.008 0.885 0.070 0.036
546 FRH046_546 (0) 2 :  0.010 0.880 0.081 0.028
547 FRH047_547 (0) 2 :  0.007 0.771 0.213 0.009
548 FRH048_548 (0) 2 :  0.014 0.887 0.069 0.031
549 FRH049_549 (1) 2 :  0.411 0.501 0.029 0.059
550 FRH050_550 (0) 2 :  0.020 0.452 0.133 0.395
551 FRH001_551 (1) 2 :  0.005 0.700 0.107 0.188
552 FRH002_552 (0) 2 :  0.014 0.916 0.014 0.056
553 FRH003_553 (0) 2 :  0.014 0.524 0.456 0.007
554 FRH004_554 (1) 2 :  0.009 0.927 0.033 0.032
555 FRH005_555 (0) 2 :  0.006 0.760 0.150 0.083
556 FRH006_556 (1) 2 :  0.005 0.731 0.250 0.013
557 FRH007_557 (0) 2 :  0.067 0.312 0.591 0.030
558 FRH008_558 (0) 2 :  0.064 0.092 0.056 0.787
559 FRH009_559 (0) 2 :  0.006 0.733 0.229 0.032
560 FRH010_560 (0) 2 :  0.007 0.929 0.019 0.045
561 FRH011_561 (0) 2 :  0.262 0.295 0.114 0.329
562 FRH012_562 (4) 2 :  0.047 0.397 0.172 0.385
563 FRH013_563 (0) 2 :  0.012 0.953 0.017 0.018
564 FRH014_564 (1) 2 :  0.095 0.138 0.514 0.252
565 FRH015_565 (1) 2 :  0.007 0.837 0.114 0.042
566 FRH016_566 (3) 2 :  0.005 0.677 0.297 0.021
567 FRH017_567 (0) 2 :  0.026 0.874 0.058 0.041
568 FRH018_568 (0) 2 :  0.005 0.752 0.021 0.222
569 FRH019_569 (0) 2 :  0.006 0.334 0.646 0.014
570 FRH020_570 (1) 2 :  0.006 0.936 0.043 0.015
571 FRH021_571 (0) 2 :  0.004 0.941 0.021 0.034
572 FRH022_572 (0) 2 :  0.011 0.865 0.092 0.032
573 FRH023_573 (0) 2 :  0.010 0.252 0.059 0.679
574 FRH024_574 (2) 2 :  0.108 0.596 0.091 0.206
575 FRH025_575 (0) 2 :  0.018 0.649 0.011 0.321
576 FRH026_576 (1) 2 :  0.029 0.596 0.366 0.009
577 FRH027_577 (0) 2 :  0.004 0.663 0.266 0.068
578 FRH028_578 (0) 2 :  0.054 0.912 0.024 0.011
579 FRH029_579 (0) 2 :  0.006 0.129 0.847 0.018
580 FRH030_580 (0) 2 :  0.020 0.960 0.016 0.004
581 FRH031_581 (0) 2 :  0.011 0.573 0.405 0.011
582 FRH032_582 (0) 2 :  0.016 0.257 0.721 0.006
583 FRH033_583 (0) 2 :  0.434 0.349 0.069 0.147
584 FRH034_584 (0) 2 :  0.008 0.765 0.139 0.088
585 FRH035_585 (0) 2 :  0.009 0.826 0.155 0.010
586 FRH036_586 (0) 2 :  0.008 0.917 0.059 0.016
587 FRH037_587 (0) 2 :  0.023 0.899 0.066 0.013
588 FRH038_588 (1) 2 :  0.015 0.265 0.712 0.008
589 FRH039_589 (0) 2 :  0.019 0.744 0.135 0.103
590 FRH040_590 (0) 2 :  0.079 0.631 0.210 0.079
591 FRH041_591 (0) 2 :  0.010 0.948 0.022 0.020
592 FRH042_592 (0) 2 :  0.007 0.875 0.036 0.083
593 FRH043_593 (0) 2 :  0.007 0.375 0.181 0.437
594 FRH044_594 (0) 2 :  0.021 0.924 0.035 0.020
595 FRH045_595 (0) 2 :  0.224 0.476 0.058 0.242
596 FRH046_596 (0) 2 :  0.008 0.921 0.046 0.025
597 FRH047_597 (0) 2 :  0.158 0.700 0.127 0.015
598 FRH048_598 (0) 2 :  0.040 0.845 0.103 0.012
599 FRH049_599 (1) 2 :  0.024 0.525 0.440 0.010
600 FRH050_600 (0) 2 :  0.007 0.850 0.133 0.010
601 FRH001_601 (0) 2 :  0.005 0.879 0.070 0.046
602 FRH002_602 (0) 2 :  0.079 0.167 0.058 0.697
603 FRH003_603 (0) 2 :  0.005 0.912 0.021 0.062
604 FRH004_604 (0) 2 :  0.029 0.256 0.232 0.483
605 FRH005_605 (0) 2 :  0.005 0.908 0.065 0.022
606 FRH006_606 (0) 2 :  0.007 0.619 0.082 0.292
607 FRH007_607 (0) 2 :  0.008 0.882 0.048 0.062
608 FRH008_608 (1) 2 :  0.009 0.876 0.096 0.019
609 FRH009_609 (0) 2 :  0.012 0.891 0.085 0.012
610 FRH010_610 (0) 2 :  0.005 0.516 0.122 0.357
611 FRH011_611 (1) 2 :  0.006 0.833 0.110 0.051
612 FRH012_612 (4) 2 :  0.046 0.887 0.029 0.038
613 FRH013_613 (0) 2 :  0.014 0.951 0.027 0.008
614 FRH014_614 (0) 2 :  0.020 0.961 0.015 0.005
615 FRH015_615 (0) 2 :  0.011 0.040 0.942 0.007
616 FRH016_616 (2) 2 :  0.005 0.461 0.495 0.039
617 FRH017_617 (0) 2 :  0.005 0.509 0.274 0.212
618 FRH018_618 (0) 2 :  0.006 0.977 0.010 0.007
619 FRH019_619 (0) 2 :  0.009 0.838 0.147 0.006
620 FRH020_620 (2) 2 :  0.011 0.780 0.072 0.137
621 FRH021_621 (1) 2 :  0.025 0.454 0.511 0.010
622 FRH022_622 (0) 2 :  0.016 0.893 0.055 0.036
623 FRH023_623 (0) 2 :  0.006 0.727 0.047 0.220
624 FRH024_624 (0) 2 :  0.013 0.973 0.008 0.007
625 FRH025_625 (0) 2 :  0.014 0.779 0.184 0.023
626 FRH026_626 (0) 2 :  0.007 0.902 0.075 0.016
627 FRH027_627 (0) 2 :  0.041 0.303 0.132 0.524
628 FRH028_628 (0) 2 :  0.011 0.951 0.027 0.011
629 FRH029_629 (0) 2 :  0.014 0.053 0.860 0.073
630 FRH030_630 (0) 2 :  0.007 0.872 0.111 0.010
631 FRH031_631 (0) 2 :  0.019 0.897 0.075 0.008
632 FRH032_632 (0) 2 :  0.010 0.470 0.023 0.496
633 FRH033_633 (0) 2 :  0.008 0.515 0.452 0.025
634 FRH034_634 (1) 2 :  0.025 0.942 0.024 0.009
635 FRH035_635 (0) 2 :  0.009 0.946 0.031 0.014
636 FRH036_636 (0) 2 :  0.020 0.834 0.080 0.066
637 FRH037_637 (1) 2 :  0.003 0.966 0.018 0.013
638 FRH038_638 (0) 2 :  0.004 0.797 0.183 0.017
639 FRH039_639 (2) 2 :  0.003 0.949 0.013 0.035
640 FRH040_640 (0) 2 :  0.032 0.515 0.103 0.350
641 FRH041_641 (0) 2 :  0.004 0.765 0.200 0.031
642 FRH042_642 (0) 2 :  0.011 0.840 0.123 0.025
643 FRH043_643 (0) 2 :  0.006 0.761 0.069 0.164
644 FRH044_644 (0) 2 :  0.014 0.890 0.021 0.075
645 FRH045_645 (0) 2 :  0.017 0.723 0.020 0.240
646 FRH046_646 (0) 2 :  0.010 0.908 0.059 0.023
647 FRH047_647 (0) 2 :  0.009 0.863 0.047 0.080
648 FRH048_648 (0) 2 :  0.014 0.283 0.674 0.029
649 FRH049_649 (0) 2 :  0.073 0.051 0.683 0.194
650 FRH050_650 (1) 2 :  0.006 0.835 0.122 0.037
651 FRH001_651 (0) 2 :  0.005 0.752 0.063 0.180
652 FRH002_652 (0) 2 :  0.006 0.367 0.606 0.021
653 FRH003_653 (0) 2 :  0.016 0.334 0.628 0.022
654 FRH004_654 (2) 2 :  0.005 0.972 0.014 0.009
655 FRH005_655 (0) 2 :  0.140 0.484 0.333 0.042
656 FRH006_656 (0) 2 :  0.008 0.812 0.041 0.139
657 FRH007_657 (0) 2 :  0.009 0.635 0.344 0.012
658 FRH008_658 (1) 2 :  0.006 0.956 0.018 0.020
659 FRH009_659 (0) 2 :  0.014 0.798 0.136 0.052
660 FRH010_660 (0) 2 :  0.008 0.941 0.008 0.043
661 FRH011_661 (1) 2 :  0.010 0.909 0.026 0.055
662 FRH012_662 (0) 2 :  0.028 0.052 0.014 0.905
663 FRH013_663 (0) 2 :  0.010 0.087 0.796 0.107
664 FRH014_664 (0) 2 :  0.094 0.624 0.102 0.180
665 FRH015_665 (0) 2 :  0.006 0.883 0.098 0.013
666 FRH016_666 (0) 2 :  0.015 0.952 0.018 0.015
667 FRH017_667 (1) 2 :  0.005 0.967 0.013 0.016
668 FRH018_668 (0) 2 :  0.163 0.638 0.116 0.083
669 FRH019_669 (0) 2 :  0.005 0.786 0.147 0.062
670 FRH020_670 (0) 2 :  0.017 0.930 0.027 0.025
671 FRH021_671 (0) 2 :  0.017 0.827 0.046 0.110
672 FRH022_672 (0) 2 :  0.013 0.967 0.009 0.012
673 FRH023_673 (0) 2 :  0.009 0.942 0.022 0.028
674 FRH024_674 (0) 2 :  0.005 0.667 0.313 0.015
675 FRH025_675 (0) 2 :  0.180 0.241 0.495 0.084
676 FRH026_676 (0) 2 :  0.033 0.365 0.598 0.004
677 FRH027_677 (1) 2 :  0.011 0.752 0.212 0.024
678 FRH028_678 (0) 2 :  0.164 0.639 0.116 0.081
679 FRH029_679 (0) 2 :  0.004 0.459 0.235 0.302
680 FRH030_680 (0) 2 :  0.003 0.907 0.009 0.080
681 FRH031_681 (0) 2 :  0.004 0.811 0.102 0.083
682 FRH032_682 (0) 2 :  0.035 0.905 0.047 0.013
683 FRH033_683 (0) 2 :  0.042 0.552 0.384 0.022
684 FRH034_684 (0) 2 :  0.142 0.219 0.508 0.131
685 FRH035_685 (1) 2 :  0.020 0.823 0.094 0.063
686 FRH036_686 (0) 2 :  0.004 0.928 0.062 0.006
687 FRH037_687 (0) 2 :  0.006 0.715 0.085 0.194
688 FRH038_688 (0) 2 :  0.009 0.716 0.018 0.257
689 FRH039_689 (0) 2 :  0.027 0.778 0.161 0.034
690 FRH040_690 (0) 2 :  0.016 0.904 0.043 0.037
691 FRH041_691 (0) 2 :  0.009 0.111 0.011 0.869
692 FRH042_692 (0) 2 :  0.004 0.982 0.007 0.007
693 FRH043_693 (0) 2 :  0.006 0.898 0.084 0.012
694 FRH044_694 (0) 2 :  0.005 0.950 0.031 0.014
695 FRH045_695 (1) 2 :  0.004 0.828 0.157 0.011
696 FRH046_696 (1) 2 :  0.053 0.308 0.631 0.007
697 FRH047_697 (1) 2 :  0.085 0.720 0.178 0.017
698 FRH048_698 (0) 2 :  0.016 0.916 0.022 0.046
699 FRH049_699 (2) 2 :  0.008 0.851 0.119 0.022
700 FRH050_700 (1) 2 :  0.010 0.888 0.082 0.019
701 FRH001_701 (2) 2 :  0.012 0.954 0.012 0.022
702 FRH002_702 (0) 2 :  0.007 0.909 0.034 0.050
703 FRH003_703 (0) 2 :  0.055 0.344 0.580 0.020
704 FRH004_704 (1) 2 :  0.016 0.724 0.014 0.247
705 FRH005_705 (1) 2 :  0.005 0.775 0.172 0.047
706 FRH006_706 (0) 2 :  0.009 0.199 0.071 0.721
707 FRH007_707 (0) 2 :  0.004 0.272 0.697 0.028
708 FRH008_708 (0) 2 :  0.011 0.200 0.772 0.017
709 FRH009_709 (1) 2 :  0.238 0.682 0.062 0.018
710 FRH010_710 (0) 2 :  0.005 0.965 0.009 0.021
711 FRH011_711 (0) 2 :  0.013 0.864 0.099 0.025
712 FRH012_712 (0) 2 :  0.005 0.783 0.163 0.049
713 FRH013_713 (0) 2 :  0.005 0.678 0.167 0.150
714 FRH014_714 (0) 2 :  0.006 0.739 0.069 0.185
715 FRH015_715 (1) 2 :  0.005 0.836 0.024 0.135
716 FRH016_716 (0) 2 :  0.006 0.346 0.164 0.483
717 FRH017_717 (0) 2 :  0.004 0.574 0.414 0.008
718 FRH018_718 (0) 2 :  0.005 0.309 0.596 0.090
719 FRH019_719 (0) 2 :  0.004 0.966 0.020 0.009
720 FRH020_720 (1) 2 :  0.007 0.963 0.015 0.016
721 FRH021_721 (0) 2 :  0.016 0.301 0.147 0.536
722 FRH022_722 (0) 2 :  0.102 0.746 0.133 0.019
723 FRH023_723 (0) 2 :  0.019 0.316 0.344 0.321
724 FRH024_724 (0) 2 :  0.045 0.652 0.020 0.283
725 FRH025_725 (0) 2 :  0.055 0.352 0.423 0.170
726 FRH026_726 (1) 2 :  0.010 0.793 0.009 0.189
727 FRH027_727 (0) 2 :  0.023 0.750 0.165 0.062
728 FRH028_728 (0) 2 :  0.016 0.892 0.071 0.021
729 FRH029_729 (0) 2 :  0.016 0.328 0.280 0.376
730 FRH030_730 (0) 2 :  0.011 0.961 0.020 0.008
731 FRH031_731 (0) 2 :  0.004 0.331 0.657 0.008
732 FRH032_732 (0) 2 :  0.035 0.705 0.249 0.011
733 FRH033_733 (0) 2 :  0.005 0.941 0.023 0.032
734 FRH034_734 (0) 2 :  0.007 0.958 0.026 0.008
735 FRH035_735 (0) 2 :  0.048 0.924 0.010 0.017
736 FRH036_736 (0) 2 :  0.017 0.259 0.673 0.051
737 FRH037_737 (0) 2 :  0.008 0.532 0.275 0.185
738 FRH038_738 (0) 2 :  0.004 0.958 0.014 0.024
739 FRH039_739 (0) 2 :  0.005 0.934 0.052 0.009
740 FRH040_740 (0) 2 :  0.113 0.789 0.025 0.073
741 FRH041_741 (0) 2 :  0.003 0.534 0.217 0.246
742 FRH042_742 (2) 2 :  0.071 0.264 0.649 0.016
743 FRH043_743 (0) 2 :  0.003 0.349 0.629 0.019
744 FRH044_744 (0) 2 :  0.016 0.899 0.079 0.005
745 FRH045_745 (0) 2 :  0.096 0.530 0.227 0.147
746 FRH046_746 (1) 2 :  0.008 0.810 0.136 0.046
747 FRH047_747 (1) 2 :  0.006 0.847 0.119 0.027
748 FRH048_748 (0) 2 :  0.007 0.960 0.028 0.005
749 FRH049_749 (1) 2 :  0.047 0.913 0.020 0.020
750 FRH050_750 (1) 2 :  0.006 0.698 0.287 0.009
751 FRH001_751 (1) 2 :  0.004 0.778 0.202 0.016
752 FRH002_752 (0) 2 :  0.055 0.660 0.199 0.086
753 FRH003_753 (0) 2 :  0.088 0.299 0.566 0.046
754 FRH004_754 (0) 2 :  0.048 0.920 0.024 0.008
755 FRH005_755 (0) 2 :  0.006 0.424 0.304 0.266
756 FRH006_756 (0) 2 :  0.005 0.908 0.071 0.016
757 FRH007_757 (1) 2 :  0.015 0.095 0.208 0.682
758 FRH008_758 (1) 2 :  0.005 0.445 0.539 0.011
759 FRH009_759 (0) 2 :  0.032 0.927 0.013 0.028
760 FRH010_760 (0) 2 :  0.013 0.951 0.016 0.020
761 FRH011_761 (0) 2 :  0.063 0.313 0.606 0.018
762 FRH012_762 (0) 2 :  0.011 0.915 0.033 0.040
763 FRH013_763 (0) 2 :  0.005 0.833 0.010 0.153
764 FRH014_764 (0) 2 :  0.027 0.299 0.611 0.063
765 FRH015_765 (1) 2 :  0.007 0.727 0.142 0.124
766 FRH016_766 (0) 2 :  0.003 0.972 0.009 0.016
767 FRH017_767 (0) 2 :  0.029 0.676 0.253 0.042
768 FRH018_768 (8) 2 :  0.006 0.899 0.019 0.075
769 FRH019_769 (0) 2 :  0.009 0.959 0.015 0.018
770 FRH020_770 (0) 2 :  0.042 0.616 0.200 0.143
771 FRH021_771 (1) 2 :  0.006 0.962 0.013 0.019
772 FRH022_772 (0) 2 :  0.015 0.897 0.081 0.007
773 FRH023_773 (1) 2 :  0.004 0.599 0.091 0.306
774 FRH024_774 (0) 2 :  0.032 0.930 0.021 0.017
775 FRH025_775 (0) 2 :  0.012 0.177 0.135 0.675
776 FRH026_776 (0) 2 :  0.015 0.771 0.193 0.021
777 FRH027_777 (1) 2 :  0.068 0.183 0.724 0.025
778 FRH028_778 (0) 2 :  0.006 0.951 0.023 0.020
779 FRH029_779 (7) 2 :  0.011 0.964 0.009 0.016
780 FRH030_780 (1) 2 :  0.007 0.483 0.486 0.024
781 FRH031_781 (0) 2 :  0.098 0.500 0.092 0.311
782 FRH032_782 (1) 2 :  0.009 0.719 0.223 0.048
783 FRH033_783 (0) 2 :  0.008 0.965 0.014 0.012
784 FRH034_784 (0) 2 :  0.012 0.962 0.020 0.006
785 FRH035_785 (0) 2 :  0.006 0.961 0.021 0.012
786 FRH036_786 (3) 2 :  0.030 0.730 0.016 0.224
787 FRH037_787 (0) 2 :  0.004 0.197 0.021 0.777
788 FRH038_788 (0) 2 :  0.023 0.751 0.152 0.074
789 FRH039_789 (0) 2 :  0.213 0.297 0.015 0.475
790 FRH040_790 (1) 2 :  0.006 0.207 0.735 0.051
791 FRH041_791 (0) 2 :  0.003 0.979 0.009 0.009
792 FRH042_792 (0) 2 :  0.006 0.851 0.132 0.010
793 FRH043_793 (0) 2 :  0.006 0.034 0.822 0.138
794 FRH044_794 (0) 2 :  0.013 0.851 0.065 0.070
795 FRH045_795 (0) 2 :  0.011 0.631 0.241 0.118
796 FRH046_796 (1) 2 :  0.017 0.919 0.033 0.031
797 FRH047_797 (0) 2 :  0.010 0.300 0.099 0.591
798 FRH048_798 (0) 2 :  0.021 0.916 0.056 0.007
799 FRH049_799 (3) 2 :  0.003 0.746 0.068 0.183
800 FRH050_800 (3) 2 :  0.020 0.894 0.076 0.010
801 FRH001_801 (0) 2 :  0.004 0.585 0.374 0.038
802 FRH002_802 (0) 2 :  0.020 0.425 0.020 0.535
803 FRH003_803 (0) 2 :  0.011 0.585 0.341 0.063
804 FRH004_804 (0) 2 :  0.012 0.916 0.030 0.042
805 FRH005_805 (0) 2 :  0.034 0.732 0.160 0.073
806 FRH006_806 (0) 2 :  0.004 0.512 0.091 0.393
807 FRH007_807 (0) 2 :  0.009 0.427 0.255 0.309
808 FRH008_808 (1) 2 :  0.009 0.421 0.022 0.547
809 FRH009_809 (2) 2 :  0.077 0.734 0.130 0.059
810 FRH010_810 (0) 2 :  0.006 0.101 0.010 0.883
811 FRH011_811 (0) 2 :  0.031 0.946 0.015 0.008
812 FRH012_812 (0) 2 :  0.010 0.715 0.151 0.124
813 FRH013_813 (1) 2 :  0.010 0.231 0.109 0.649
814 FRH014_814 (0) 2 :  0.007 0.738 0.217 0.038
815 FRH015_815 (0) 2 :  0.031 0.776 0.129 0.064
816 FRH016_816 (0) 2 :  0.004 0.388 0.566 0.042
817 FRH017_817 (0) 2 :  0.357 0.426 0.090 0.128
818 FRH018_818 (0) 2 :  0.009 0.088 0.891 0.013
819 FRH019_819 (0) 2 :  0.019 0.186 0.034 0.761
820 FRH020_820 (0) 2 :  0.006 0.906 0.037 0.051
821 FRH021_821 (0) 2 :  0.116 0.773 0.056 0.055
822 FRH022_822 (0) 2 :  0.004 0.363 0.058 0.576
823 FRH023_823 (0) 2 :  0.010 0.855 0.118 0.017
824 FRH024_824 (0) 2 :  0.007 0.173 0.174 0.646
825 FRH025_825 (0) 2 :  0.022 0.935 0.025 0.018
826 FRH026_826 (0) 2 :  0.092 0.794 0.075 0.039
827 FRH027_827 (0) 2 :  0.007 0.629 0.324 0.039
828 FRH028_828 (0) 2 :  0.038 0.471 0.431 0.060
829 FRH029_829 (1) 2 :  0.005 0.126 0.057 0.811
830 FRH030_830 (0) 2 :  0.022 0.624 0.309 0.045
831 FRH031_831 (2) 2 :  0.017 0.674 0.300 0.009
832 FRH032_832 (0) 2 :  0.006 0.838 0.064 0.092
833 FRH033_833 (0) 2 :  0.005 0.688 0.288 0.018
834 FRH034_834 (0) 2 :  0.005 0.560 0.343 0.092
835 FRH035_835 (0) 2 :  0.005 0.882 0.045 0.069
836 FRH036_836 (0) 2 :  0.020 0.834 0.027 0.119
837 FRH037_837 (0) 2 :  0.023 0.496 0.112 0.368
838 FRH038_838 (0) 2 :  0.019 0.717 0.071 0.194
839 FRH039_839 (0) 2 :  0.007 0.919 0.039 0.035
840 FRH040_840 (0) 2 :  0.018 0.937 0.016 0.029
841 FRH041_841 (0) 2 :  0.787 0.118 0.055 0.040
842 FRH042_842 (1) 2 :  0.073 0.631 0.201 0.095
843 FRH043_843 (0) 2 :  0.017 0.726 0.191 0.066
844 FRH044_844 (0) 2 :  0.005 0.509 0.361 0.125
845 FRH045_845 (0) 2 :  0.014 0.431 0.517 0.038
846 FRH046_846 (0) 2 :  0.171 0.189 0.557 0.083
847 FRH047_847 (0) 2 :  0.621 0.166 0.088 0.125
