1 CH001_1 (0) 1 :  0.017 0.012 0.971
2 CH002_2 (0) 1 :  0.032 0.008 0.960
3 CH003_3 (0) 1 :  0.086 0.010 0.904
4 CH004_4 (0) 1 :  0.034 0.010 0.956
5 CH005_5 (1) 1 :  0.017 0.006 0.977
6 CH006_6 (0) 1 :  0.023 0.003 0.973
7 CH007_7 (5) 1 :  0.068 0.015 0.917
8 CH008_8 (0) 1 :  0.065 0.036 0.899
9 CH009_9 (0) 1 :  0.014 0.049 0.937
10 CH010_10 (2) 1 :  0.177 0.004 0.819
11 CH011_11 (0) 1 :  0.012 0.047 0.942
12 CH012_12 (0) 1 :  0.046 0.012 0.942
13 CH013_13 (0) 1 :  0.090 0.006 0.904
14 CH014_14 (0) 1 :  0.219 0.005 0.776
15 CH015_15 (0) 1 :  0.048 0.022 0.930
16 CH016_16 (0) 1 :  0.789 0.043 0.169
17 CH017_17 (0) 1 :  0.052 0.011 0.937
18 CH018_18 (0) 1 :  0.054 0.020 0.925
19 CH019_19 (0) 1 :  0.195 0.075 0.731
20 CH020_20 (0) 1 :  0.016 0.049 0.935
21 CH021_21 (1) 1 :  0.007 0.014 0.979
22 CH022_22 (1) 1 :  0.007 0.029 0.963
23 CH023_23 (0) 1 :  0.020 0.015 0.966
24 CH024_24 (0) 1 :  0.013 0.011 0.977
25 CH025_25 (0) 1 :  0.027 0.007 0.966
26 CH026_26 (1) 1 :  0.236 0.013 0.752
27 CH027_27 (1) 1 :  0.071 0.011 0.918
28 CH028_28 (0) 1 :  0.029 0.017 0.954
29 CH029_29 (2) 1 :  0.027 0.008 0.965
30 CH030_30 (0) 1 :  0.062 0.024 0.914
31 CH031_31 (1) 1 :  0.037 0.004 0.959
32 CH032_32 (0) 1 :  0.030 0.009 0.962
33 CH033_33 (0) 1 :  0.043 0.005 0.952
34 CH034_34 (0) 1 :  0.020 0.113 0.867
35 CH035_35 (0) 1 :  0.135 0.015 0.850
36 CH036_36 (1) 1 :  0.431 0.016 0.553
37 CH037_37 (0) 1 :  0.010 0.010 0.981
38 CH038_38 (0) 1 :  0.057 0.003 0.940
39 CH039_39 (0) 1 :  0.207 0.013 0.780
40 CH040_40 (0) 1 :  0.016 0.057 0.927
41 CH041_41 (0) 1 :  0.007 0.018 0.975
42 CH042_42 (0) 1 :  0.158 0.053 0.790
43 CH043_43 (0) 1 :  0.233 0.013 0.754
44 CH044_44 (0) 1 :  0.013 0.008 0.979
45 CH045_45 (0) 1 :  0.045 0.003 0.951
46 CH046_46 (0) 1 :  0.019 0.008 0.973
47 CH047_47 (0) 1 :  0.047 0.014 0.940
48 CH048_48 (0) 1 :  0.228 0.010 0.761
49 CH049_49 (1) 1 :  0.084 0.017 0.899
50 CH050_50 (0) 1 :  0.098 0.004 0.899
51 CH001_51 (0) 1 :  0.020 0.105 0.875
52 CH002_52 (0) 1 :  0.011 0.005 0.983
53 CH003_53 (0) 1 :  0.013 0.006 0.980
54 CH004_54 (0) 1 :  0.011 0.007 0.983
55 CH005_55 (0) 1 :  0.013 0.086 0.901
56 CH006_56 (0) 1 :  0.024 0.004 0.972
57 CH007_57 (0) 1 :  0.029 0.015 0.956
58 CH008_58 (0) 1 :  0.007 0.070 0.923
59 CH009_59 (0) 1 :  0.014 0.084 0.902
60 CH010_60 (0) 1 :  0.097 0.027 0.876
61 CH011_61 (0) 1 :  0.009 0.024 0.968
62 CH012_62 (0) 1 :  0.020 0.003 0.977
63 CH013_63 (0) 1 :  0.016 0.046 0.937
64 CH014_64 (1) 1 :  0.015 0.004 0.980
65 CH015_65 (0) 1 :  0.505 0.058 0.437
66 CH016_66 (0) 1 :  0.013 0.009 0.979
67 CH017_67 (0) 1 :  0.315 0.006 0.679
68 CH018_68 (0) 1 :  0.010 0.007 0.983
69 CH019_69 (0) 1 :  0.010 0.032 0.959
70 CH020_70 (0) 1 :  0.084 0.008 0.907
71 CH021_71 (0) 1 :  0.127 0.005 0.869
72 CH022_72 (0) 1 :  0.374 0.045 0.581
73 CH023_73 (0) 1 :  0.007 0.008 0.984
74 CH024_74 (0) 1 :  0.007 0.010 0.983
75 CH025_75 (0) 1 :  0.009 0.013 0.978
76 CH026_76 (0) 1 :  0.070 0.025 0.904
77 CH027_77 (0) 1 :  0.025 0.004 0.971
78 CH028_78 (0) 1 :  0.144 0.013 0.843
79 CH029_79 (0) 1 :  0.021 0.005 0.974
80 CH030_80 (0) 1 :  0.021 0.009 0.971
81 CH031_81 (1) 1 :  0.041 0.011 0.949
82 CH032_82 (0) 1 :  0.298 0.015 0.687
83 CH033_83 (0) 1 :  0.014 0.004 0.982
84 CH034_84 (0) 1 :  0.025 0.003 0.972
85 CH035_85 (0) 1 :  0.025 0.023 0.952
86 CH036_86 (1) 1 :  0.018 0.006 0.976
87 CH037_87 (0) 1 :  0.011 0.006 0.983
88 CH038_88 (0) 1 :  0.013 0.056 0.931
89 CH039_89 (0) 1 :  0.625 0.016 0.359
90 CH040_90 (0) 1 :  0.007 0.007 0.985
91 CH041_91 (1) 1 :  0.091 0.005 0.904
92 CH042_92 (1) 1 :  0.008 0.010 0.983
93 CH043_93 (0) 1 :  0.011 0.012 0.977
94 CH044_94 (1) 1 :  0.011 0.005 0.984
95 CH045_95 (0) 1 :  0.075 0.015 0.910
96 CH046_96 (0) 1 :  0.130 0.005 0.865
97 CH047_97 (0) 1 :  0.011 0.057 0.932
98 CH048_98 (0) 1 :  0.094 0.126 0.779
99 CH049_99 (0) 1 :  0.363 0.009 0.628
100 CH050_100 (0) 1 :  0.014 0.005 0.981
101 CH001_101 (1) 1 :  0.012 0.007 0.981
102 CH002_102 (0) 1 :  0.050 0.068 0.882
103 CH003_103 (0) 1 :  0.022 0.027 0.951
104 CH004_104 (0) 1 :  0.290 0.015 0.695
105 CH005_105 (0) 1 :  0.019 0.090 0.890
106 CH006_106 (0) 1 :  0.010 0.040 0.950
107 CH007_107 (0) 1 :  0.074 0.019 0.907
108 CH008_108 (0) 1 :  0.024 0.004 0.972
109 CH009_109 (0) 1 :  0.015 0.025 0.960
110 CH010_110 (0) 1 :  0.023 0.049 0.928
111 CH011_111 (0) 1 :  0.020 0.010 0.970
112 CH012_112 (0) 1 :  0.045 0.008 0.947
113 CH013_113 (0) 1 :  0.012 0.014 0.974
114 CH014_114 (0) 1 :  0.009 0.014 0.977
115 CH015_115 (0) 1 :  0.028 0.003 0.968
116 CH016_116 (2) 1 :  0.056 0.006 0.938
117 CH017_117 (0) 1 :  0.009 0.005 0.986
118 CH018_118 (1) 1 :  0.013 0.007 0.980
119 CH019_119 (0) 1 :  0.077 0.011 0.912
120 CH020_120 (2) 1 :  0.329 0.015 0.656
121 CH021_121 (0) 1 :  0.189 0.227 0.584
122 CH022_122 (0) 1 :  0.035 0.004 0.961
123 CH023_123 (0) 1 :  0.012 0.008 0.980
124 CH024_124 (0) 1 :  0.013 0.008 0.979
125 CH025_125 (0) 1 :  0.067 0.004 0.929
126 CH026_126 (0) 1 :  0.092 0.016 0.892
127 CH027_127 (0) 1 :  0.009 0.006 0.985
128 CH028_128 (0) 1 :  0.175 0.009 0.815
129 CH029_129 (0) 1 :  0.051 0.032 0.917
130 CH030_130 (0) 1 :  0.011 0.008 0.981
131 CH031_131 (0) 1 :  0.008 0.004 0.989
132 CH032_132 (0) 1 :  0.010 0.005 0.986
133 CH033_133 (0) 1 :  0.118 0.004 0.877
134 CH034_134 (0) 1 :  0.048 0.021 0.931
135 CH035_135 (0) 1 :  0.016 0.031 0.953
136 CH036_136 (1) 1 :  0.035 0.004 0.961
137 CH037_137 (1) 1 :  0.050 0.037 0.913
138 CH038_138 (0) 1 :  0.030 0.061 0.909
139 CH039_139 (0) 1 :  0.101 0.413 0.486
140 CH040_140 (0) 1 :  0.011 0.029 0.960
141 CH041_141 (0) 1 :  0.555 0.005 0.440
142 CH042_142 (0) 1 :  0.074 0.009 0.917
143 CH043_143 (0) 1 :  0.019 0.007 0.974
144 CH044_144 (1) 1 :  0.040 0.028 0.933
145 CH045_145 (0) 1 :  0.018 0.109 0.873
146 CH046_146 (0) 1 :  0.077 0.009 0.913
147 CH047_147 (0) 1 :  0.528 0.024 0.448
148 CH048_148 (0) 1 :  0.010 0.003 0.987
149 CH049_149 (3) 1 :  0.008 0.008 0.984
150 CH050_150 (0) 1 :  0.011 0.006 0.984
151 CH001_151 (0) 1 :  0.056 0.012 0.932
152 CH002_152 (0) 1 :  0.081 0.015 0.904
153 CH003_153 (0) 1 :  0.019 0.003 0.979
154 CH004_154 (0) 1 :  0.324 0.028 0.649
155 CH005_155 (1) 1 :  0.123 0.004 0.873
156 CH006_156 (0) 1 :  0.011 0.010 0.978
157 CH007_157 (0) 1 :  0.065 0.199 0.736
158 CH008_158 (0) 1 :  0.007 0.011 0.982
159 CH009_159 (0) 1 :  0.031 0.013 0.956
160 CH010_160 (0) 1 :  0.022 0.003 0.975
161 CH011_161 (0) 1 :  0.030 0.009 0.960
162 CH012_162 (0) 1 :  0.033 0.020 0.948
163 CH013_163 (0) 1 :  0.783 0.055 0.161
164 CH014_164 (0) 1 :  0.046 0.035 0.919
165 CH015_165 (0) 1 :  0.082 0.056 0.862
166 CH016_166 (0) 1 :  0.046 0.004 0.951
167 CH017_167 (0) 1 :  0.015 0.020 0.965
168 CH018_168 (0) 1 :  0.010 0.015 0.974
169 CH019_169 (0) 1 :  0.303 0.047 0.649
170 CH020_170 (0) 1 :  0.020 0.007 0.972
171 CH021_171 (0) 1 :  0.242 0.005 0.753
172 CH022_172 (0) 1 :  0.028 0.007 0.965
173 CH023_173 (0) 1 :  0.403 0.007 0.590
174 CH024_174 (1) 1 :  0.060 0.159 0.781
175 CH025_175 (0) 1 :  0.061 0.014 0.925
176 CH026_176 (0) 1 :  0.020 0.010 0.971
177 CH027_177 (0) 1 :  0.043 0.007 0.951
178 CH028_178 (0) 1 :  0.124 0.007 0.870
179 CH029_179 (0) 1 :  0.027 0.020 0.953
180 CH030_180 (0) 1 :  0.039 0.011 0.950
181 CH031_181 (0) 1 :  0.412 0.021 0.567
182 CH032_182 (2) 1 :  0.014 0.004 0.982
183 CH033_183 (0) 1 :  0.129 0.003 0.867
184 CH034_184 (0) 1 :  0.037 0.009 0.955
185 CH035_185 (0) 1 :  0.051 0.004 0.945
186 CH036_186 (0) 1 :  0.226 0.009 0.765
187 CH037_187 (0) 1 :  0.020 0.008 0.972
188 CH038_188 (0) 1 :  0.032 0.011 0.958
189 CH039_189 (0) 1 :  0.042 0.007 0.951
190 CH040_190 (0) 1 :  0.011 0.008 0.980
191 CH041_191 (0) 1 :  0.025 0.006 0.970
192 CH042_192 (0) 1 :  0.006 0.010 0.984
193 CH043_193 (0) 1 :  0.017 0.013 0.970
194 CH044_194 (0) 1 :  0.075 0.005 0.920
195 CH045_195 (0) 1 :  0.008 0.007 0.984
196 CH046_196 (0) 1 :  0.031 0.007 0.962
197 CH047_197 (0) 1 :  0.030 0.004 0.966
198 CH048_198 (0) 1 :  0.017 0.012 0.971
199 CH049_199 (0) 1 :  0.013 0.004 0.983
200 CH050_200 (0) 1 :  0.013 0.019 0.968
201 CH001_201 (1) 1 :  0.008 0.018 0.974
202 CH002_202 (0) 1 :  0.030 0.014 0.957
203 CH003_203 (0) 1 :  0.031 0.011 0.958
204 CH004_204 (0) 1 :  0.013 0.008 0.979
205 CH005_205 (1) 1 :  0.040 0.004 0.956
206 CH006_206 (0) 1 :  0.022 0.031 0.948
207 CH007_207 (2) 1 :  0.219 0.103 0.678
208 CH008_208 (1) 1 :  0.020 0.021 0.959
209 CH009_209 (0) 1 :  0.038 0.006 0.956
210 CH010_210 (1) 1 :  0.019 0.030 0.951
211 CH011_211 (0) 1 :  0.020 0.012 0.968
212 CH012_212 (0) 1 :  0.010 0.023 0.967
213 CH013_213 (0) 1 :  0.016 0.003 0.981
214 CH014_214 (7) 1 :  0.729 0.014 0.257
215 CH015_215 (0) 1 :  0.032 0.010 0.959
216 CH016_216 (1) 1 :  0.015 0.005 0.980
217 CH017_217 (1) 1 :  0.107 0.010 0.883
218 CH018_218 (1) 1 :  0.010 0.005 0.985
219 CH019_219 (0) 1 :  0.048 0.004 0.948
220 CH020_220 (1) 1 :  0.080 0.056 0.864
221 CH021_221 (0) 1 :  0.028 0.007 0.965
222 CH022_222 (0) 1 :  0.011 0.023 0.966
223 CH023_223 (0) 1 :  0.513 0.016 0.471
224 CH024_224 (0) 1 :  0.035 0.013 0.952
225 CH025_225 (3) 1 :  0.008 0.006 0.986
226 CH026_226 (0) 1 :  0.014 0.023 0.963
227 CH027_227 (0) 1 :  0.009 0.006 0.985
228 CH028_228 (0) 1 :  0.011 0.004 0.985
229 CH029_229 (0) 1 :  0.015 0.006 0.979
230 CH030_230 (0) 1 :  0.121 0.086 0.793
231 CH031_231 (1) 1 :  0.033 0.039 0.928
232 CH032_232 (0) 1 :  0.347 0.029 0.624
233 CH033_233 (0) 1 :  0.015 0.022 0.963
234 CH034_234 (0) 1 :  0.074 0.027 0.899
235 CH035_235 (0) 1 :  0.014 0.063 0.923
236 CH036_236 (0) 1 :  0.732 0.047 0.221
237 CH037_237 (0) 1 :  0.025 0.005 0.970
238 CH038_238 (2) 1 :  0.009 0.005 0.986
239 CH039_239 (0) 1 :  0.026 0.030 0.944
240 CH040_240 (0) 1 :  0.013 0.004 0.983
241 CH041_241 (0) 1 :  0.010 0.024 0.966
242 CH042_242 (1) 1 :  0.268 0.008 0.724
243 CH043_243 (0) 1 :  0.012 0.010 0.977
244 CH044_244 (1) 1 :  0.065 0.025 0.910
245 CH045_245 (0) 1 :  0.031 0.018 0.950
246 CH046_246 (1) 1 :  0.046 0.017 0.937
247 CH047_247 (1) 1 :  0.016 0.003 0.981
248 CH048_248 (2) 1 :  0.029 0.008 0.964
249 CH049_249 (0) 1 :  0.101 0.009 0.890
250 CH050_250 (1) 1 :  0.090 0.086 0.824
251 CH001_251 (0) 1 :  0.052 0.007 0.940
252 CH002_252 (0) 1 :  0.604 0.014 0.381
253 CH003_253 (0) 1 :  0.028 0.004 0.969
254 CH004_254 (1) 1 :  0.005 0.020 0.974
255 CH005_255 (0) 1 :  0.010 0.011 0.979
256 CH006_256 (0) 1 :  0.030 0.008 0.962
257 CH007_257 (7) 1 :  0.008 0.015 0.977
258 CH008_258 (0) 1 :  0.014 0.171 0.815
259 CH009_259 (0) 1 :  0.041 0.014 0.945
260 CH010_260 (0) 1 :  0.151 0.019 0.830
261 CH011_261 (0) 1 :  0.180 0.009 0.811
262 CH012_262 (0) 1 :  0.005 0.006 0.989
263 CH013_263 (0) 1 :  0.092 0.073 0.835
264 CH014_264 (3) 1 :  0.012 0.007 0.981
265 CH015_265 (1) 1 :  0.009 0.046 0.945
266 CH016_266 (1) 1 :  0.010 0.004 0.986
267 CH017_267 (0) 1 :  0.007 0.013 0.980
268 CH018_268 (0) 1 :  0.006 0.010 0.984
269 CH019_269 (0) 1 :  0.030 0.011 0.958
270 CH020_270 (1) 1 :  0.036 0.005 0.959
271 CH021_271 (0) 1 :  0.110 0.007 0.882
272 CH022_272 (0) 1 :  0.200 0.008 0.792
273 CH023_273 (1) 1 :  0.213 0.015 0.772
274 CH024_274 (0) 1 :  0.912 0.005 0.083
275 CH025_275 (0) 1 :  0.037 0.004 0.959
276 CH026_276 (0) 1 :  0.007 0.006 0.987
277 CH027_277 (1) 1 :  0.010 0.003 0.987
278 CH028_278 (0) 1 :  0.078 0.053 0.868
279 CH029_279 (0) 1 :  0.065 0.026 0.909
280 CH030_280 (0) 1 :  0.100 0.012 0.888
281 CH031_281 (1) 1 :  0.058 0.023 0.919
282 CH032_282 (0) 1 :  0.008 0.011 0.980
283 CH033_283 (1) 1 :  0.054 0.006 0.941
284 CH034_284 (0) 1 :  0.019 0.004 0.976
285 CH035_285 (1) 1 :  0.015 0.010 0.975
286 CH036_286 (1) 1 :  0.021 0.016 0.963
287 CH037_287 (0) 1 :  0.010 0.066 0.924
288 CH038_288 (4) 1 :  0.069 0.007 0.924
289 CH039_289 (1) 1 :  0.034 0.006 0.960
290 CH040_290 (0) 1 :  0.023 0.009 0.969
291 CH041_291 (1) 1 :  0.086 0.008 0.906
292 CH042_292 (0) 1 :  0.027 0.004 0.969
293 CH043_293 (1) 1 :  0.039 0.006 0.955
294 CH044_294 (0) 1 :  0.008 0.012 0.981
295 CH045_295 (2) 1 :  0.873 0.003 0.123
296 CH046_296 (1) 1 :  0.025 0.008 0.967
297 CH047_297 (0) 1 :  0.007 0.014 0.980
298 CH048_298 (0) 1 :  0.024 0.007 0.969
299 CH049_299 (1) 1 :  0.045 0.004 0.951
300 CH050_300 (0) 1 :  0.293 0.004 0.702
301 CH001_301 (1) 1 :  0.227 0.006 0.767
302 CH002_302 (0) 1 :  0.019 0.045 0.936
303 CH003_303 (2) 1 :  0.089 0.022 0.889
304 CH004_304 (0) 1 :  0.276 0.012 0.712
305 CH005_305 (0) 1 :  0.150 0.009 0.841
306 CH006_306 (1) 1 :  0.142 0.015 0.844
307 CH007_307 (1) 1 :  0.215 0.007 0.778
308 CH008_308 (0) 1 :  0.011 0.006 0.982
309 CH009_309 (0) 1 :  0.010 0.003 0.987
310 CH010_310 (0) 1 :  0.014 0.007 0.979
311 CH011_311 (0) 1 :  0.015 0.003 0.982
312 CH012_312 (2) 1 :  0.060 0.035 0.905
313 CH013_313 (0) 1 :  0.006 0.056 0.938
314 CH014_314 (0) 1 :  0.011 0.003 0.986
315 CH015_315 (0) 1 :  0.136 0.007 0.857
316 CH016_316 (0) 1 :  0.133 0.024 0.843
317 CH017_317 (0) 1 :  0.014 0.144 0.842
318 CH018_318 (0) 1 :  0.011 0.054 0.935
319 CH019_319 (1) 1 :  0.106 0.015 0.878
320 CH020_320 (0) 1 :  0.011 0.018 0.971
321 CH021_321 (3) 1 :  0.023 0.014 0.963
322 CH022_322 (1) 1 :  0.053 0.022 0.924
323 CH023_323 (0) 1 :  0.028 0.009 0.962
324 CH024_324 (0) 1 :  0.036 0.021 0.943
325 CH025_325 (1) 1 :  0.012 0.015 0.973
326 CH026_326 (2) 1 :  0.012 0.005 0.983
327 CH027_327 (0) 1 :  0.009 0.013 0.978
328 CH028_328 (1) 1 :  0.117 0.004 0.879
329 CH029_329 (0) 1 :  0.026 0.004 0.970
330 CH030_330 (1) 1 :  0.010 0.004 0.986
331 CH031_331 (6) 1 :  0.014 0.010 0.976
332 CH032_332 (0) 1 :  0.025 0.004 0.970
333 CH033_333 (0) 1 :  0.038 0.010 0.952
334 CH034_334 (2) 1 :  0.197 0.004 0.799
335 CH035_335 (0) 1 :  0.043 0.008 0.949
336 CH036_336 (0) 1 :  0.158 0.011 0.831
337 CH037_337 (0) 1 :  0.094 0.019 0.888
338 CH038_338 (1) 1 :  0.012 0.011 0.977
339 CH039_339 (0) 1 :  0.053 0.019 0.928
340 CH040_340 (1) 1 :  0.007 0.009 0.984
341 CH041_341 (0) 1 :  0.344 0.004 0.652
342 CH042_342 (1) 1 :  0.039 0.008 0.953
343 CH043_343 (0) 1 :  0.029 0.012 0.959
344 CH044_344 (1) 1 :  0.038 0.006 0.956
345 CH045_345 (0) 1 :  0.015 0.006 0.979
346 CH046_346 (1) 1 :  0.053 0.004 0.943
347 CH047_347 (0) 1 :  0.012 0.005 0.983
348 CH048_348 (3) 1 :  0.126 0.004 0.870
349 CH049_349 (0) 1 :  0.214 0.004 0.782
350 CH050_350 (0) 1 :  0.012 0.008 0.980
351 CH001_351 (0) 1 :  0.326 0.009 0.664
352 CH002_352 (0) 1 :  0.021 0.008 0.971
353 CH003_353 (0) 1 :  0.045 0.011 0.944
354 CH004_354 (0) 1 :  0.011 0.011 0.979
355 CH005_355 (0) 1 :  0.154 0.006 0.840
356 CH006_356 (0) 1 :  0.015 0.004 0.980
357 CH007_357 (0) 1 :  0.031 0.039 0.931
358 CH008_358 (1) 1 :  0.199 0.003 0.798
359 CH009_359 (0) 1 :  0.060 0.004 0.935
360 CH010_360 (0) 1 :  0.026 0.007 0.966
361 CH011_361 (1) 1 :  0.012 0.052 0.935
362 CH012_362 (0) 1 :  0.010 0.005 0.986
363 CH013_363 (0) 1 :  0.009 0.005 0.986
364 CH014_364 (0) 1 :  0.031 0.013 0.956
365 CH015_365 (0) 1 :  0.067 0.011 0.922
366 CH016_366 (0) 1 :  0.037 0.004 0.959
367 CH017_367 (0) 1 :  0.054 0.009 0.938
368 CH018_368 (0) 1 :  0.039 0.014 0.947
369 CH019_369 (0) 1 :  0.132 0.128 0.741
370 CH020_370 (0) 1 :  0.032 0.007 0.962
371 CH021_371 (0) 1 :  0.028 0.013 0.959
372 CH022_372 (0) 1 :  0.016 0.014 0.970
373 CH023_373 (1) 1 :  0.006 0.017 0.977
374 CH024_374 (0) 1 :  0.754 0.008 0.238
375 CH025_375 (0) 1 :  0.235 0.007 0.758
376 CH026_376 (0) 1 :  0.009 0.056 0.935
377 CH027_377 (1) 1 :  0.682 0.007 0.311
378 CH028_378 (2) 1 :  0.015 0.004 0.981
379 CH029_379 (0) 1 :  0.023 0.006 0.971
380 CH030_380 (0) 1 :  0.761 0.005 0.234
381 CH031_381 (0) 1 :  0.033 0.006 0.961
382 CH032_382 (1) 1 :  0.038 0.006 0.956
383 CH033_383 (0) 1 :  0.027 0.009 0.964
384 CH034_384 (0) 1 :  0.006 0.044 0.950
385 CH035_385 (0) 1 :  0.043 0.020 0.937
386 CH036_386 (0) 1 :  0.715 0.012 0.272
387 CH037_387 (0) 1 :  0.815 0.003 0.182
388 CH038_388 (0) 1 :  0.018 0.004 0.978
389 CH039_389 (0) 1 :  0.058 0.029 0.913
390 CH040_390 (0) 1 :  0.010 0.013 0.977
391 CH041_391 (0) 1 :  0.347 0.005 0.647
392 CH042_392 (0) 1 :  0.047 0.015 0.938
393 CH043_393 (0) 1 :  0.010 0.013 0.977
394 CH044_394 (0) 1 :  0.007 0.003 0.989
395 CH045_395 (0) 1 :  0.085 0.008 0.907
396 CH046_396 (0) 1 :  0.044 0.005 0.951
397 CH047_397 (3) 1 :  0.223 0.008 0.769
398 CH048_398 (0) 1 :  0.043 0.003 0.954
399 CH049_399 (0) 1 :  0.106 0.009 0.884
400 CH050_400 (0) 1 :  0.452 0.033 0.515
401 CH001_401 (0) 1 :  0.433 0.012 0.555
402 CH002_402 (1) 1 :  0.034 0.014 0.952
403 CH003_403 (0) 1 :  0.167 0.003 0.830
404 CH004_404 (0) 1 :  0.027 0.032 0.941
405 CH005_405 (1) 1 :  0.016 0.006 0.979
406 CH006_406 (1) 1 :  0.310 0.003 0.687
407 CH007_407 (0) 1 :  0.023 0.009 0.968
408 CH008_408 (0) 1 :  0.027 0.007 0.966
409 CH009_409 (0) 1 :  0.029 0.010 0.961
410 CH010_410 (1) 1 :  0.403 0.007 0.590
411 CH011_411 (0) 1 :  0.026 0.004 0.970
412 CH012_412 (0) 1 :  0.008 0.005 0.987
413 CH013_413 (1) 1 :  0.262 0.037 0.701
414 CH014_414 (0) 1 :  0.016 0.007 0.977
415 CH015_415 (1) 1 :  0.014 0.005 0.980
416 CH016_416 (0) 1 :  0.025 0.008 0.967
417 CH017_417 (0) 1 :  0.194 0.007 0.799
418 CH018_418 (0) 1 :  0.634 0.011 0.356
419 CH019_419 (2) 1 :  0.210 0.019 0.771
420 CH020_420 (1) 1 :  0.053 0.006 0.941
421 CH021_421 (0) 1 :  0.034 0.013 0.952
422 CH022_422 (0) 1 :  0.013 0.007 0.980
423 CH023_423 (0) 1 :  0.011 0.020 0.969
424 CH024_424 (0) 1 :  0.016 0.014 0.970
425 CH025_425 (1) 1 :  0.241 0.036 0.723
426 CH026_426 (1) 1 :  0.019 0.014 0.967
427 CH027_427 (1) 1 :  0.072 0.009 0.919
428 CH028_428 (0) 1 :  0.413 0.016 0.571
429 CH029_429 (0) 1 :  0.019 0.020 0.961
430 CH030_430 (0) 1 :  0.012 0.005 0.982
431 CH031_431 (1) 1 :  0.074 0.020 0.906
432 CH032_432 (0) 1 :  0.008 0.003 0.989
433 CH033_433 (0) 1 :  0.013 0.016 0.971
434 CH034_434 (0) 1 :  0.145 0.005 0.850
435 CH035_435 (0) 1 :  0.176 0.007 0.818
436 CH036_436 (1) 1 :  0.440 0.029 0.532
437 CH037_437 (7) 1 :  0.017 0.007 0.976
438 CH038_438 (0) 1 :  0.021 0.012 0.967
439 CH039_439 (0) 1 :  0.008 0.006 0.986
440 CH040_440 (0) 1 :  0.008 0.004 0.988
441 CH041_441 (3) 1 :  0.016 0.008 0.975
442 CH042_442 (0) 1 :  0.029 0.004 0.967
443 CH043_443 (3) 1 :  0.020 0.009 0.971
444 CH044_444 (0) 1 :  0.011 0.012 0.977
445 CH045_445 (2) 1 :  0.032 0.004 0.963
446 CH046_446 (1) 1 :  0.102 0.006 0.893
447 CH047_447 (0) 1 :  0.033 0.004 0.963
448 CH048_448 (1) 1 :  0.201 0.036 0.763
449 CH049_449 (0) 1 :  0.268 0.007 0.725
450 CH050_450 (0) 1 :  0.308 0.005 0.687
451 FRH001_451 (0) 2 :  0.100 0.011 0.889
452 FRH002_452 (2) 2 :  0.482 0.040 0.478
453 FRH003_453 (1) 2 :  0.028 0.004 0.967
454 FRH004_454 (0) 2 :  0.923 0.008 0.069
455 FRH005_455 (0) 2 :  0.029 0.012 0.959
456 FRH006_456 (0) 2 :  0.124 0.019 0.857
457 FRH007_457 (0) 2 :  0.032 0.006 0.962
458 FRH008_458 (0) 2 :  0.940 0.005 0.055
459 FRH009_459 (1) 2 :  0.704 0.071 0.225
460 FRH010_460 (1) 2 :  0.630 0.123 0.247
461 FRH011_461 (0) 2 :  0.941 0.027 0.033
462 FRH012_462 (0) 2 :  0.918 0.010 0.072
463 FRH013_463 (1) 2 :  0.186 0.008 0.807
464 FRH014_464 (0) 2 :  0.199 0.007 0.794
465 FRH015_465 (0) 2 :  0.165 0.069 0.766
466 FRH016_466 (0) 2 :  0.054 0.012 0.934
467 FRH017_467 (1) 2 :  0.895 0.022 0.083
468 FRH018_468 (0) 2 :  0.977 0.007 0.016
469 FRH019_469 (2) 2 :  0.462 0.015 0.522
470 FRH020_470 (1) 2 :  0.087 0.006 0.907
471 FRH021_471 (3) 2 :  0.019 0.056 0.925
472 FRH022_472 (0) 2 :  0.129 0.008 0.862
473 FRH023_473 (0) 2 :  0.132 0.012 0.856
474 FRH024_474 (0) 2 :  0.978 0.007 0.015
475 FRH025_475 (0) 2 :  0.013 0.019 0.968
476 FRH026_476 (0) 2 :  0.856 0.005 0.139
477 FRH027_477 (0) 2 :  0.715 0.020 0.265
478 FRH028_478 (0) 2 :  0.250 0.031 0.719
479 FRH029_479 (5) 2 :  0.015 0.005 0.980
480 FRH030_480 (0) 2 :  0.914 0.031 0.056
481 FRH031_481 (0) 2 :  0.931 0.017 0.052
482 FRH032_482 (0) 2 :  0.982 0.005 0.013
483 FRH033_483 (0) 2 :  0.019 0.930 0.051
484 FRH034_484 (0) 2 :  0.882 0.009 0.108
485 FRH035_485 (0) 2 :  0.044 0.016 0.940
486 FRH036_486 (0) 2 :  0.019 0.008 0.973
487 FRH037_487 (0) 2 :  0.235 0.004 0.761
488 FRH038_488 (0) 2 :  0.774 0.072 0.154
489 FRH039_489 (1) 2 :  0.841 0.004 0.155
490 FRH040_490 (0) 2 :  0.170 0.030 0.799
491 FRH041_491 (0) 2 :  0.760 0.032 0.208
492 FRH042_492 (0) 2 :  0.916 0.010 0.074
493 FRH043_493 (1) 2 :  0.030 0.008 0.962
494 FRH044_494 (0) 2 :  0.325 0.011 0.665
495 FRH045_495 (0) 2 :  0.382 0.017 0.601
496 FRH046_496 (0) 2 :  0.013 0.044 0.942
497 FRH047_497 (0) 2 :  0.963 0.005 0.031
498 FRH048_498 (1) 2 :  0.010 0.011 0.979
499 FRH049_499 (0) 2 :  0.091 0.034 0.875
500 FRH050_500 (2) 2 :  0.011 0.004 0.985
501 FRH001_501 (0) 2 :  0.586 0.034 0.380
502 FRH002_502 (0) 2 :  0.082 0.004 0.914
503 FRH003_503 (1) 2 :  0.704 0.020 0.276
504 FRH004_504 (0) 2 :  0.858 0.007 0.135
505 FRH005_505 (0) 2 :  0.382 0.080 0.538
506 FRH006_506 (0) 2 :  0.641 0.073 0.286
507 FRH007_507 (2) 2 :  0.925 0.006 0.070
508 FRH008_508 (0) 2 :  0.087 0.004 0.909
509 FRH009_509 (0) 2 :  0.106 0.055 0.840
510 FRH010_510 (2) 2 :  0.054 0.019 0.928
511 FRH011_511 (0) 2 :  0.352 0.188 0.460
512 FRH012_512 (0) 2 :  0.852 0.008 0.140
513 FRH013_513 (0) 2 :  0.532 0.046 0.422
514 FRH014_514 (0) 2 :  0.117 0.023 0.860
515 FRH015_515 (0) 2 :  0.050 0.006 0.944
516 FRH016_516 (0) 2 :  0.287 0.007 0.706
517 FRH017_517 (0) 2 :  0.062 0.018 0.920
518 FRH018_518 (1) 2 :  0.950 0.006 0.045
519 FRH019_519 (0) 2 :  0.014 0.020 0.965
520 FRH020_520 (1) 2 :  0.727 0.004 0.269
521 FRH021_521 (0) 2 :  0.870 0.008 0.122
522 FRH022_522 (0) 2 :  0.762 0.053 0.185
523 FRH023_523 (0) 2 :  0.037 0.009 0.954
524 FRH024_524 (0) 2 :  0.103 0.033 0.864
525 FRH025_525 (1) 2 :  0.045 0.012 0.943
526 FRH026_526 (0) 2 :  0.298 0.011 0.691
527 FRH027_527 (0) 2 :  0.695 0.006 0.299
528 FRH028_528 (1) 2 :  0.278 0.007 0.715
529 FRH029_529 (0) 2 :  0.044 0.005 0.951
530 FRH030_530 (0) 2 :  0.013 0.050 0.937
531 FRH031_531 (0) 2 :  0.113 0.008 0.878
532 FRH032_532 (0) 2 :  0.642 0.013 0.345
533 FRH033_533 (0) 2 :  0.126 0.006 0.868
534 FRH034_534 (0) 2 :  0.953 0.017 0.030
535 FRH035_535 (0) 2 :  0.180 0.044 0.776
536 FRH036_536 (2) 2 :  0.014 0.010 0.976
537 FRH037_537 (0) 2 :  0.419 0.013 0.568
538 FRH038_538 (1) 2 :  0.296 0.014 0.690
539 FRH039_539 (0) 2 :  0.112 0.020 0.868
540 FRH040_540 (0) 2 :  0.978 0.003 0.019
541 FRH041_541 (0) 2 :  0.391 0.017 0.592
542 FRH042_542 (0) 2 :  0.037 0.032 0.931
543 FRH043_543 (0) 2 :  0.039 0.007 0.954
544 FRH044_544 (4) 2 :  0.069 0.017 0.914
545 FRH045_545 (0) 2 :  0.484 0.013 0.503
546 FRH046_546 (0) 2 :  0.370 0.017 0.613
547 FRH047_547 (0) 2 :  0.038 0.008 0.953
548 FRH048_548 (0) 2 :  0.264 0.023 0.713
549 FRH049_549 (1) 2 :  0.389 0.481 0.129
550 FRH050_550 (0) 2 :  0.830 0.015 0.154
551 FRH001_551 (1) 2 :  0.867 0.005 0.128
552 FRH002_552 (0) 2 :  0.927 0.021 0.053
553 FRH003_553 (0) 2 :  0.012 0.011 0.977
554 FRH004_554 (1) 2 :  0.676 0.015 0.309
555 FRH005_555 (0) 2 :  0.622 0.007 0.371
556 FRH006_556 (1) 2 :  0.031 0.005 0.963
557 FRH007_557 (0) 2 :  0.054 0.054 0.892
558 FRH008_558 (0) 2 :  0.931 0.028 0.041
559 FRH009_559 (0) 2 :  0.215 0.006 0.779
560 FRH010_560 (0) 2 :  0.916 0.011 0.074
561 FRH011_561 (0) 2 :  0.506 0.244 0.250
562 FRH012_562 (4) 2 :  0.819 0.035 0.147
563 FRH013_563 (0) 2 :  0.725 0.026 0.249
564 FRH014_564 (1) 2 :  0.514 0.078 0.407
565 FRH015_565 (1) 2 :  0.446 0.009 0.545
566 FRH016_566 (3) 2 :  0.143 0.005 0.852
567 FRH017_567 (0) 2 :  0.512 0.043 0.445
568 FRH018_568 (0) 2 :  0.973 0.006 0.021
569 FRH019_569 (0) 2 :  0.046 0.005 0.949
570 FRH020_570 (1) 2 :  0.294 0.008 0.698
571 FRH021_571 (0) 2 :  0.872 0.004 0.123
572 FRH022_572 (0) 2 :  0.346 0.016 0.638
573 FRH023_573 (0) 2 :  0.953 0.008 0.039
574 FRH024_574 (2) 2 :  0.695 0.113 0.192
575 FRH025_575 (0) 2 :  0.965 0.015 0.020
576 FRH026_576 (1) 2 :  0.025 0.025 0.950
577 FRH027_577 (0) 2 :  0.566 0.004 0.430
578 FRH028_578 (0) 2 :  0.264 0.141 0.595
579 FRH029_579 (0) 2 :  0.031 0.005 0.964
580 FRH030_580 (0) 2 :  0.043 0.049 0.908
581 FRH031_581 (0) 2 :  0.031 0.010 0.959
582 FRH032_582 (0) 2 :  0.011 0.012 0.976
583 FRH033_583 (0) 2 :  0.366 0.474 0.160
584 FRH034_584 (0) 2 :  0.558 0.010 0.432
585 FRH035_585 (0) 2 :  0.036 0.010 0.954
586 FRH036_586 (0) 2 :  0.243 0.012 0.744
587 FRH037_587 (0) 2 :  0.150 0.031 0.819
588 FRH038_588 (1) 2 :  0.012 0.012 0.976
589 FRH039_589 (0) 2 :  0.638 0.022 0.340
590 FRH040_590 (0) 2 :  0.291 0.086 0.623
591 FRH041_591 (0) 2 :  0.809 0.015 0.175
592 FRH042_592 (0) 2 :  0.810 0.009 0.181
593 FRH043_593 (0) 2 :  0.772 0.006 0.222
594 FRH044_594 (0) 2 :  0.535 0.037 0.428
595 FRH045_595 (0) 2 :  0.622 0.236 0.142
596 FRH046_596 (0) 2 :  0.612 0.012 0.377
597 FRH047_597 (0) 2 :  0.060 0.158 0.782
598 FRH048_598 (0) 2 :  0.108 0.061 0.830
599 FRH049_599 (1) 2 :  0.023 0.020 0.957
600 FRH050_600 (0) 2 :  0.051 0.007 0.943
601 FRH001_601 (0) 2 :  0.575 0.006 0.420
602 FRH002_602 (0) 2 :  0.884 0.058 0.058
603 FRH003_603 (0) 2 :  0.848 0.007 0.146
604 FRH004_604 (0) 2 :  0.773 0.021 0.206
605 FRH005_605 (0) 2 :  0.339 0.008 0.653
606 FRH006_606 (0) 2 :  0.882 0.007 0.111
607 FRH007_607 (0) 2 :  0.800 0.010 0.190
608 FRH008_608 (1) 2 :  0.372 0.011 0.617
609 FRH009_609 (0) 2 :  0.085 0.015 0.900
610 FRH010_610 (0) 2 :  0.841 0.005 0.153
611 FRH011_611 (1) 2 :  0.614 0.008 0.378
612 FRH012_612 (4) 2 :  0.671 0.078 0.252
613 FRH013_613 (0) 2 :  0.080 0.025 0.895
614 FRH014_614 (0) 2 :  0.044 0.050 0.905
615 FRH015_615 (0) 2 :  0.009 0.009 0.982
616 FRH016_616 (2) 2 :  0.194 0.005 0.801
617 FRH017_617 (0) 2 :  0.444 0.005 0.551
618 FRH018_618 (0) 2 :  0.368 0.014 0.618
619 FRH019_619 (0) 2 :  0.015 0.008 0.977
620 FRH020_620 (2) 2 :  0.751 0.011 0.237
621 FRH021_621 (1) 2 :  0.017 0.018 0.965
622 FRH022_622 (0) 2 :  0.418 0.024 0.558
623 FRH023_623 (0) 2 :  0.944 0.005 0.051
624 FRH024_624 (0) 2 :  0.427 0.063 0.510
625 FRH025_625 (0) 2 :  0.194 0.014 0.792
626 FRH026_626 (0) 2 :  0.313 0.007 0.679
627 FRH027_627 (0) 2 :  0.832 0.026 0.141
628 FRH028_628 (0) 2 :  0.156 0.019 0.825
629 FRH029_629 (0) 2 :  0.108 0.014 0.878
630 FRH030_630 (0) 2 :  0.079 0.009 0.912
631 FRH031_631 (0) 2 :  0.059 0.025 0.917
632 FRH032_632 (0) 2 :  0.963 0.008 0.029
633 FRH033_633 (0) 2 :  0.072 0.008 0.920
634 FRH034_634 (1) 2 :  0.257 0.069 0.674
635 FRH035_635 (0) 2 :  0.279 0.014 0.707
636 FRH036_636 (0) 2 :  0.515 0.023 0.462
637 FRH037_637 (1) 2 :  0.462 0.004 0.534
638 FRH038_638 (0) 2 :  0.154 0.004 0.842
639 FRH039_639 (2) 2 :  0.928 0.004 0.068
640 FRH040_640 (0) 2 :  0.861 0.027 0.112
641 FRH041_641 (0) 2 :  0.140 0.004 0.856
642 FRH042_642 (0) 2 :  0.265 0.013 0.722
643 FRH043_643 (0) 2 :  0.756 0.006 0.238
644 FRH044_644 (0) 2 :  0.869 0.021 0.110
645 FRH045_645 (0) 2 :  0.962 0.015 0.023
646 FRH046_646 (0) 2 :  0.383 0.016 0.601
647 FRH047_647 (0) 2 :  0.891 0.012 0.097
648 FRH048_648 (0) 2 :  0.070 0.014 0.916
649 FRH049_649 (0) 2 :  0.286 0.077 0.637
650 FRH050_650 (1) 2 :  0.560 0.006 0.434
651 FRH001_651 (0) 2 :  0.893 0.004 0.103
652 FRH002_652 (0) 2 :  0.041 0.006 0.953
653 FRH003_653 (0) 2 :  0.074 0.015 0.910
654 FRH004_654 (2) 2 :  0.428 0.008 0.564
655 FRH005_655 (0) 2 :  0.172 0.134 0.694
656 FRH006_656 (0) 2 :  0.839 0.010 0.151
657 FRH007_657 (0) 2 :  0.043 0.007 0.950
658 FRH008_658 (1) 2 :  0.586 0.009 0.405
659 FRH009_659 (0) 2 :  0.338 0.019 0.644
660 FRH010_660 (0) 2 :  0.960 0.013 0.027
661 FRH011_661 (1) 2 :  0.821 0.018 0.161
662 FRH012_662 (0) 2 :  0.968 0.018 0.014
663 FRH013_663 (0) 2 :  0.175 0.012 0.813
664 FRH014_664 (0) 2 :  0.594 0.108 0.298
665 FRH015_665 (0) 2 :  0.117 0.008 0.875
666 FRH016_666 (0) 2 :  0.632 0.034 0.334
667 FRH017_667 (1) 2 :  0.733 0.008 0.259
668 FRH018_668 (0) 2 :  0.406 0.223 0.371
669 FRH019_669 (0) 2 :  0.594 0.006 0.401
670 FRH020_670 (0) 2 :  0.468 0.040 0.492
671 FRH021_671 (0) 2 :  0.821 0.018 0.161
672 FRH022_672 (0) 2 :  0.751 0.036 0.213
673 FRH023_673 (0) 2 :  0.870 0.015 0.115
674 FRH024_674 (0) 2 :  0.075 0.005 0.920
675 FRH025_675 (0) 2 :  0.110 0.146 0.744
676 FRH026_676 (0) 2 :  0.006 0.021 0.973
677 FRH027_677 (1) 2 :  0.181 0.012 0.807
678 FRH028_678 (0) 2 :  0.415 0.211 0.374
679 FRH029_679 (0) 2 :  0.775 0.004 0.221
680 FRH030_680 (0) 2 :  0.968 0.003 0.028
681 FRH031_681 (0) 2 :  0.689 0.004 0.307
682 FRH032_682 (0) 2 :  0.114 0.059 0.826
683 FRH033_683 (0) 2 :  0.043 0.031 0.926
684 FRH034_684 (0) 2 :  0.179 0.113 0.708
685 FRH035_685 (1) 2 :  0.326 0.027 0.646
686 FRH036_686 (0) 2 :  0.023 0.004 0.972
687 FRH037_687 (0) 2 :  0.839 0.006 0.155
688 FRH038_688 (0) 2 :  0.968 0.008 0.024
689 FRH039_689 (0) 2 :  0.098 0.030 0.872
690 FRH040_690 (0) 2 :  0.807 0.024 0.168
691 FRH041_691 (0) 2 :  0.984 0.007 0.009
692 FRH042_692 (0) 2 :  0.790 0.009 0.201
693 FRH043_693 (0) 2 :  0.089 0.008 0.903
694 FRH044_694 (0) 2 :  0.353 0.008 0.639
695 FRH045_695 (1) 2 :  0.056 0.005 0.939
696 FRH046_696 (1) 2 :  0.016 0.036 0.948
697 FRH047_697 (1) 2 :  0.066 0.084 0.850
698 FRH048_698 (0) 2 :  0.880 0.027 0.094
699 FRH049_699 (2) 2 :  0.308 0.009 0.683
700 FRH050_700 (1) 2 :  0.138 0.013 0.849
701 FRH001_701 (2) 2 :  0.885 0.022 0.093
702 FRH002_702 (0) 2 :  0.774 0.009 0.218
703 FRH003_703 (0) 2 :  0.051 0.046 0.903
704 FRH004_704 (1) 2 :  0.969 0.011 0.020
705 FRH005_705 (1) 2 :  0.535 0.006 0.458
706 FRH006_706 (0) 2 :  0.941 0.007 0.052
707 FRH007_707 (0) 2 :  0.094 0.004 0.902
708 FRH008_708 (0) 2 :  0.029 0.009 0.962
709 FRH009_709 (1) 2 :  0.175 0.378 0.447
710 FRH010_710 (0) 2 :  0.938 0.006 0.056
711 FRH011_711 (0) 2 :  0.212 0.017 0.772
712 FRH012_712 (0) 2 :  0.536 0.006 0.457
713 FRH013_713 (0) 2 :  0.646 0.006 0.348
714 FRH014_714 (0) 2 :  0.895 0.005 0.100
715 FRH015_715 (1) 2 :  0.954 0.005 0.042
716 FRH016_716 (0) 2 :  0.851 0.005 0.144
717 FRH017_717 (0) 2 :  0.019 0.004 0.977
718 FRH018_718 (0) 2 :  0.289 0.005 0.705
719 FRH019_719 (0) 2 :  0.368 0.007 0.625
720 FRH020_720 (1) 2 :  0.822 0.017 0.162
721 FRH021_721 (0) 2 :  0.854 0.010 0.137
722 FRH022_722 (0) 2 :  0.121 0.125 0.755
723 FRH023_723 (0) 2 :  0.543 0.017 0.440
724 FRH024_724 (0) 2 :  0.932 0.037 0.031
725 FRH025_725 (0) 2 :  0.373 0.046 0.581
726 FRH026_726 (1) 2 :  0.976 0.009 0.016
727 FRH027_727 (0) 2 :  0.451 0.030 0.520
728 FRH028_728 (0) 2 :  0.352 0.028 0.620
729 FRH029_729 (0) 2 :  0.689 0.013 0.298
730 FRH030_730 (0) 2 :  0.133 0.018 0.849
731 FRH031_731 (0) 2 :  0.014 0.003 0.983
732 FRH032_732 (0) 2 :  0.034 0.030 0.937
733 FRH033_733 (0) 2 :  0.849 0.006 0.145
734 FRH034_734 (0) 2 :  0.137 0.010 0.853
735 FRH035_735 (0) 2 :  0.783 0.119 0.098
736 FRH036_736 (0) 2 :  0.102 0.013 0.885
737 FRH037_737 (0) 2 :  0.668 0.008 0.324
738 FRH038_738 (0) 2 :  0.888 0.005 0.106
739 FRH039_739 (0) 2 :  0.147 0.006 0.847
740 FRH040_740 (0) 2 :  0.650 0.204 0.146
741 FRH041_741 (0) 2 :  0.720 0.003 0.278
742 FRH042_742 (2) 2 :  0.039 0.056 0.905
743 FRH043_743 (0) 2 :  0.053 0.003 0.943
744 FRH044_744 (0) 2 :  0.017 0.016 0.967
745 FRH045_745 (0) 2 :  0.592 0.088 0.320
746 FRH046_746 (1) 2 :  0.424 0.011 0.565
747 FRH047_747 (1) 2 :  0.336 0.007 0.657
748 FRH048_748 (0) 2 :  0.029 0.010 0.962
749 FRH049_749 (1) 2 :  0.607 0.108 0.286
750 FRH050_750 (1) 2 :  0.020 0.005 0.975
751 FRH001_751 (1) 2 :  0.108 0.004 0.888
752 FRH002_752 (0) 2 :  0.255 0.057 0.688
753 FRH003_753 (0) 2 :  0.082 0.073 0.846
754 FRH004_754 (0) 2 :  0.095 0.077 0.828
755 FRH005_755 (0) 2 :  0.759 0.005 0.236
756 FRH006_756 (0) 2 :  0.167 0.005 0.828
757 FRH007_757 (1) 2 :  0.773 0.012 0.215
758 FRH008_758 (1) 2 :  0.018 0.004 0.978
759 FRH009_759 (0) 2 :  0.850 0.056 0.094
760 FRH010_760 (0) 2 :  0.700 0.027 0.273
761 FRH011_761 (0) 2 :  0.052 0.050 0.898
762 FRH012_762 (0) 2 :  0.605 0.019 0.376
763 FRH013_763 (0) 2 :  0.978 0.005 0.017
764 FRH014_764 (0) 2 :  0.152 0.025 0.824
765 FRH015_765 (1) 2 :  0.654 0.007 0.339
766 FRH016_766 (0) 2 :  0.941 0.004 0.055
767 FRH017_767 (0) 2 :  0.298 0.032 0.671
768 FRH018_768 (8) 2 :  0.936 0.007 0.058
769 FRH019_769 (0) 2 :  0.783 0.020 0.197
770 FRH020_770 (0) 2 :  0.582 0.040 0.378
771 FRH021_771 (1) 2 :  0.892 0.010 0.099
772 FRH022_772 (0) 2 :  0.026 0.015 0.959
773 FRH023_773 (1) 2 :  0.849 0.004 0.147
774 FRH024_774 (0) 2 :  0.418 0.104 0.478
775 FRH025_775 (0) 2 :  0.920 0.008 0.072
776 FRH026_776 (0) 2 :  0.065 0.014 0.921
777 FRH027_777 (1) 2 :  0.064 0.060 0.877
778 FRH028_778 (0) 2 :  0.743 0.009 0.248
779 FRH029_779 (7) 2 :  0.893 0.030 0.077
780 FRH030_780 (1) 2 :  0.053 0.007 0.941
781 FRH031_781 (0) 2 :  0.757 0.087 0.156
782 FRH032_782 (1) 2 :  0.155 0.010 0.834
783 FRH033_783 (0) 2 :  0.343 0.019 0.638
784 FRH034_784 (0) 2 :  0.074 0.023 0.904
785 FRH035_785 (0) 2 :  0.442 0.008 0.551
786 FRH036_786 (3) 2 :  0.945 0.028 0.026
787 FRH037_787 (0) 2 :  0.976 0.004 0.020
788 FRH038_788 (0) 2 :  0.437 0.026 0.538
789 FRH039_789 (0) 2 :  0.878 0.108 0.015
790 FRH040_790 (1) 2 :  0.231 0.006 0.763
791 FRH041_791 (0) 2 :  0.590 0.004 0.406
792 FRH042_792 (0) 2 :  0.067 0.007 0.926
793 FRH043_793 (0) 2 :  0.261 0.006 0.733
794 FRH044_794 (0) 2 :  0.813 0.015 0.172
795 FRH045_795 (0) 2 :  0.478 0.012 0.511
796 FRH046_796 (1) 2 :  0.654 0.032 0.314
797 FRH047_797 (0) 2 :  0.883 0.008 0.109
798 FRH048_798 (0) 2 :  0.058 0.028 0.914
799 FRH049_799 (3) 2 :  0.908 0.003 0.088
800 FRH050_800 (3) 2 :  0.098 0.024 0.878
801 FRH001_801 (0) 2 :  0.150 0.004 0.846
802 FRH002_802 (0) 2 :  0.973 0.012 0.015
803 FRH003_803 (0) 2 :  0.184 0.010 0.805
804 FRH004_804 (0) 2 :  0.768 0.019 0.212
805 FRH005_805 (0) 2 :  0.569 0.035 0.396
806 FRH006_806 (0) 2 :  0.903 0.004 0.092
807 FRH007_807 (0) 2 :  0.757 0.007 0.236
808 FRH008_808 (1) 2 :  0.969 0.007 0.024
809 FRH009_809 (2) 2 :  0.442 0.105 0.453
810 FRH010_810 (0) 2 :  0.986 0.004 0.010
811 FRH011_811 (0) 2 :  0.143 0.079 0.778
812 FRH012_812 (0) 2 :  0.586 0.009 0.404
813 FRH013_813 (1) 2 :  0.883 0.009 0.108
814 FRH014_814 (0) 2 :  0.368 0.008 0.623
815 FRH015_815 (0) 2 :  0.454 0.047 0.499
816 FRH016_816 (0) 2 :  0.156 0.004 0.840
817 FRH017_817 (0) 2 :  0.392 0.401 0.207
818 FRH018_818 (0) 2 :  0.016 0.008 0.976
819 FRH019_819 (0) 2 :  0.965 0.010 0.025
820 FRH020_820 (0) 2 :  0.836 0.008 0.157
821 FRH021_821 (0) 2 :  0.411 0.185 0.404
822 FRH022_822 (0) 2 :  0.932 0.003 0.065
823 FRH023_823 (0) 2 :  0.120 0.012 0.867
824 FRH024_824 (0) 2 :  0.868 0.006 0.126
825 FRH025_825 (0) 2 :  0.500 0.055 0.445
826 FRH026_826 (0) 2 :  0.356 0.153 0.491
827 FRH027_827 (0) 2 :  0.297 0.007 0.695
828 FRH028_828 (0) 2 :  0.238 0.037 0.725
829 FRH029_829 (1) 2 :  0.944 0.004 0.052
830 FRH030_830 (0) 2 :  0.135 0.023 0.842
831 FRH031_831 (2) 2 :  0.017 0.016 0.968
832 FRH032_832 (0) 2 :  0.789 0.007 0.204
833 FRH033_833 (0) 2 :  0.056 0.004 0.940
834 FRH034_834 (0) 2 :  0.295 0.004 0.701
835 FRH035_835 (0) 2 :  0.766 0.005 0.229
836 FRH036_836 (0) 2 :  0.922 0.021 0.058
837 FRH037_837 (0) 2 :  0.855 0.016 0.129
838 FRH038_838 (0) 2 :  0.793 0.018 0.189
839 FRH039_839 (0) 2 :  0.732 0.010 0.258
840 FRH040_840 (0) 2 :  0.778 0.038 0.184
841 FRH041_841 (0) 2 :  0.074 0.843 0.083
842 FRH042_842 (1) 2 :  0.460 0.074 0.466
843 FRH043_843 (0) 2 :  0.308 0.019 0.672
844 FRH044_844 (0) 2 :  0.454 0.005 0.540
845 FRH045_845 (0) 2 :  0.184 0.014 0.802
846 FRH046_846 (0) 2 :  0.175 0.157 0.668
847 FRH047_847 (0) 2 :  0.258 0.628 0.114
848 FRH048_848 (0) 2 :  0.440 0.005 0.556
849 FRH049_849 (0) 2 :  0.036 0.157 0.807
850 FRH050_850 (1) 2 :  0.305 0.012 0.683
851 FRH001_851 (0) 2 :  0.807 0.011 0.182
852 FRH002_852 (0) 2 :  0.126 0.056 0.818
853 FRH003_853 (0) 2 :  0.147 0.005 0.849
854 FRH004_854 (0) 2 :  0.825 0.023 0.153
855 FRH005_855 (0) 2 :  0.801 0.005 0.194
856 FRH006_856 (0) 2 :  0.271 0.257 0.472
857 FRH007_857 (0) 2 :  0.170 0.065 0.765
858 FRH008_858 (0) 2 :  0.356 0.005 0.639
859 FRH009_859 (0) 2 :  0.279 0.102 0.619
860 FRH010_860 (0) 2 :  0.481 0.023 0.496
861 FRH011_861 (0) 2 :  0.789 0.011 0.200
862 FRH012_862 (1) 2 :  0.449 0.020 0.532
863 FRH013_863 (0) 2 :  0.411 0.005 0.584
864 FRH014_864 (0) 2 :  0.566 0.321 0.113
865 FRH015_865 (0) 2 :  0.360 0.065 0.576
866 FRH016_866 (0) 2 :  0.672 0.006 0.322
867 FRH017_867 (0) 2 :  0.316 0.149 0.534
868 FRH018_868 (0) 2 :  0.943 0.005 0.052
869 FRH019_869 (0) 2 :  0.016 0.009 0.975
870 FRH020_870 (0) 2 :  0.502 0.029 0.469
871 FRH021_871 (0) 2 :  0.964 0.011 0.025
872 FRH022_872 (1) 2 :  0.442 0.009 0.549
873 FRH023_873 (0) 2 :  0.605 0.005 0.390
874 FRH024_874 (0) 2 :  0.529 0.003 0.468
875 FRH025_875 (0) 2 :  0.732 0.018 0.250
876 FRH026_876 (1) 2 :  0.460 0.055 0.485
877 FRH027_877 (0) 2 :  0.077 0.094 0.830
878 FRH028_878 (0) 2 :  0.817 0.008 0.175
879 FRH029_879 (0) 2 :  0.970 0.005 0.024
880 FRH030_880 (0) 2 :  0.240 0.024 0.735
881 FRH031_881 (0) 2 :  0.134 0.055 0.811
882 FRH032_882 (0) 2 :  0.582 0.010 0.408
883 FRH033_883 (1) 2 :  0.330 0.038 0.632
884 FRH034_884 (1) 2 :  0.115 0.032 0.853
885 FRH035_885 (0) 2 :  0.790 0.004 0.206
886 FRH036_886 (0) 2 :  0.034 0.100 0.866
887 FRH037_887 (0) 2 :  0.738 0.010 0.252
888 FRH038_888 (0) 2 :  0.075 0.005 0.920
889 FRH039_889 (1) 2 :  0.341 0.025 0.634
890 FRH040_890 (6) 2 :  0.730 0.020 0.250
891 FRH041_891 (0) 2 :  0.393 0.023 0.583
892 FRH042_892 (0) 2 :  0.060 0.007 0.933
893 FRH043_893 (0) 2 :  0.238 0.656 0.106
894 FRH044_894 (1) 2 :  0.243 0.004 0.752
895 FRH045_895 (0) 2 :  0.704 0.004 0.293
896 FRH046_896 (5) 2 :  0.021 0.006 0.972
897 FRH047_897 (1) 2 :  0.276 0.019 0.705
898 FRH048_898 (0) 2 :  0.030 0.943 0.027
899 FRH049_899 (0) 2 :  0.186 0.322 0.492
900 FRH050_900 (1) 2 :  0.432 0.005 0.563
901 MRH001_901 (0) 3 :  0.719 0.048 0.234
902 MRH002_902 (0) 3 :  0.959 0.024 0.017
903 MRH003_903 (0) 3 :  0.188 0.074 0.738
904 MRH004_904 (0) 3 :  0.689 0.010 0.301
905 MRH005_905 (0) 3 :  0.036 0.025 0.939
906 MRH006_906 (0) 3 :  0.744 0.107 0.149
907 MRH007_907 (0) 3 :  0.487 0.006 0.507
908 MRH008_908 (0) 3 :  0.539 0.040 0.422
909 MRH009_909 (0) 3 :  0.022 0.015 0.962
910 MRH010_910 (0) 3 :  0.661 0.037 0.301
911 MRH011_911 (0) 3 :  0.619 0.004 0.377
912 MRH012_912 (2) 3 :  0.841 0.020 0.139
913 MRH013_913 (0) 3 :  0.075 0.014 0.911
914 MRH014_914 (0) 3 :  0.878 0.009 0.113
915 MRH015_915 (0) 3 :  0.464 0.004 0.532
916 MRH016_916 (0) 3 :  0.148 0.015 0.837
917 MRH017_917 (0) 3 :  0.569 0.009 0.422
918 MRH018_918 (1) 3 :  0.907 0.008 0.085
919 MRH019_919 (0) 3 :  0.830 0.003 0.166
920 MRH020_920 (0) 3 :  0.192 0.006 0.802
921 MRH021_921 (0) 3 :  0.953 0.017 0.030
922 MRH022_922 (0) 3 :  0.979 0.004 0.017
923 MRH023_923 (1) 3 :  0.805 0.042 0.154
924 MRH024_924 (0) 3 :  0.459 0.007 0.534
925 MRH025_925 (0) 3 :  0.536 0.007 0.457
926 MRH026_926 (1) 3 :  0.017 0.009 0.974
927 MRH027_927 (0) 3 :  0.732 0.148 0.120
928 MRH028_928 (0) 3 :  0.886 0.011 0.103
929 MRH029_929 (0) 3 :  0.930 0.006 0.064
930 MRH030_930 (0) 3 :  0.963 0.016 0.020
931 MRH031_931 (0) 3 :  0.021 0.079 0.900
932 MRH032_932 (0) 3 :  0.611 0.015 0.374
933 MRH033_933 (0) 3 :  0.095 0.025 0.880
934 MRH034_934 (0) 3 :  0.883 0.008 0.108
935 MRH035_935 (0) 3 :  0.022 0.010 0.969
936 MRH036_936 (1) 3 :  0.188 0.014 0.798
937 MRH037_937 (0) 3 :  0.427 0.061 0.512
938 MRH038_938 (1) 3 :  0.378 0.006 0.616
939 MRH039_939 (0) 3 :  0.059 0.026 0.915
940 MRH040_940 (0) 3 :  0.872 0.005 0.123
941 MRH041_941 (0) 3 :  0.084 0.007 0.910
942 MRH042_942 (0) 3 :  0.840 0.004 0.157
943 MRH043_943 (0) 3 :  0.200 0.016 0.783
944 MRH044_944 (1) 3 :  0.245 0.136 0.619
945 MRH045_945 (1) 3 :  0.730 0.009 0.261
946 MRH046_946 (0) 3 :  0.738 0.013 0.249
947 MRH047_947 (0) 3 :  0.989 0.003 0.008
948 MRH048_948 (0) 3 :  0.026 0.015 0.959
949 MRH049_949 (0) 3 :  0.464 0.065 0.471
950 MRH050_950 (0) 3 :  0.240 0.010 0.750
951 MRH001_951 (0) 3 :  0.519 0.011 0.470
952 MRH002_952 (0) 3 :  0.977 0.004 0.019
953 MRH003_953 (0) 3 :  0.982 0.005 0.012
954 MRH004_954 (1) 3 :  0.237 0.384 0.378
955 MRH005_955 (0) 3 :  0.974 0.014 0.012
956 MRH006_956 (0) 3 :  0.985 0.003 0.012
957 MRH007_957 (0) 3 :  0.983 0.006 0.011
958 MRH008_958 (0) 3 :  0.608 0.010 0.382
959 MRH009_959 (0) 3 :  0.246 0.036 0.718
960 MRH010_960 (0) 3 :  0.859 0.022 0.119
961 MRH011_961 (0) 3 :  0.984 0.007 0.009
962 MRH012_962 (0) 3 :  0.126 0.100 0.775
963 MRH013_963 (0) 3 :  0.035 0.016 0.948
964 MRH014_964 (0) 3 :  0.939 0.026 0.034
965 MRH015_965 (0) 3 :  0.970 0.005 0.024
966 MRH016_966 (0) 3 :  0.756 0.005 0.239
967 MRH017_967 (0) 3 :  0.986 0.006 0.008
968 MRH018_968 (0) 3 :  0.979 0.004 0.017
