%!PS-Adobe-3.0 EPSF-3.0 
%%BoundingBox: 71 287 298 304
%%HiResBoundingBox: 71.350029 287.350022 297.284546 303.649936
%!PS-Adobe-3.0 EPSF-3.0 
% Graphical display of results from structure
% distruct by Noah Rosenberg, version 1.0 Nov 2002 
%                             version 1.1 Jun 2007 
% Command line arguments: ./bin/distruct -d drawparams_no_labels -K 003 -i intermediate/Output_003.perms_1 -p intermediate/Output_003_PopQ.perms_1 -o ds_Clumped_NoLabel_k003r001.ps 
gsave

% Population Q values from the file: intermediate/Output_003_PopQ.perms_1
% 3 clusters, 4 populations, 0 individuals
% Pop. code, number of individuals, membership coefficients
% 1	450	0.884	0.021	0.095	
% 2	450	0.521	0.033	0.446	
% 3	450	0.198	0.045	0.757	
% 4	450	0.038	0.8999	0.0621	


% Individual Q values from the file: intermediate/Output_003.perms_1
% Population code, individual label, membership coefficients
% 1	1	0.961	0.014	0.025	
% 1	2	0.8432	0.005	0.1518	
% 1	3	0.944	0.047	0.009	
% 1	4	0.986	0.004	0.01	
% 1	5	0.8729	0.004	0.1231	
% 1	6	0.97	0.003	0.027	
% 1	7	0.972	0.006	0.022	
% 1	8	0.946	0.013	0.041	
% 1	9	0.982	0.007	0.011	
% 1	10	0.985	0.005	0.01	
% 1	11	0.957	0.028	0.015	
% 1	12	0.979	0.012	0.009	
% 1	13	0.966	0.004	0.03	
% 1	14	0.93	0.009	0.061	
% 1	15	0.906	0.03	0.064	
% 1	16	0.902	0.005	0.093	
% 1	17	0.639	0.025	0.336	
% 1	18	0.96	0.007	0.033	
% 1	19	0.917	0.014	0.069	
% 1	20	0.765	0.004	0.231	
% 1	21	0.6997	0.014	0.2863	
% 1	22	0.969	0.017	0.014	
% 1	23	0.918	0.003	0.079	
% 1	24	0.96	0.015	0.025	
% 1	25	0.568	0.266	0.166	
% 1	26	0.98	0.007	0.013	
% 1	27	0.974	0.011	0.015	
% 1	28	0.978	0.012	0.01	
% 1	29	0.98	0.006	0.014	
% 1	30	0.979	0.003	0.018	
% 1	31	0.973	0.006	0.021	
% 1	32	0.969	0.005	0.026	
% 1	33	0.976	0.009	0.015	
% 1	34	0.5395	0.2438	0.2168	
% 1	35	0.951	0.009	0.04	
% 1	36	0.29	0.035	0.675	
% 1	37	0.8769	0.013	0.1101	
% 1	38	0.971	0.005	0.024	
% 1	39	0.86	0.031	0.109	
% 1	40	0.988	0.006	0.006	
% 1	41	0.976	0.01	0.014	
% 1	42	0.974	0.011	0.015	
% 1	43	0.964	0.016	0.02	
% 1	44	0.855	0.01	0.135	
% 1	45	0.974	0.004	0.022	
% 1	46	0.928	0.052	0.02	
% 1	47	0.916	0.025	0.059	
% 1	48	0.788	0.005	0.207	
% 1	49	0.927	0.011	0.062	
% 1	50	0.982	0.007	0.011	
% 1	51	0.978	0.006	0.016	
% 1	52	0.981	0.01	0.009	
% 1	53	0.548	0.005	0.447	
% 1	54	0.968	0.01	0.022	
% 1	55	0.986	0.003	0.011	
% 1	56	0.969	0.013	0.018	
% 1	57	0.975	0.012	0.013	
% 1	58	0.984	0.007	0.009	
% 1	59	0.9329	0.028	0.039	
% 1	60	0.979	0.011	0.01	
% 1	61	0.965	0.009	0.026	
% 1	62	0.933	0.024	0.043	
% 1	63	0.981	0.009	0.01	
% 1	64	0.952	0.025	0.023	
% 1	65	0.945	0.044	0.011	
% 1	66	0.978	0.008	0.014	
% 1	67	0.983	0.007	0.01	
% 1	68	0.93	0.004	0.066	
% 1	69	0.5776	0.005	0.4174	
% 1	70	0.948	0.021	0.031	
% 1	71	0.587	0.017	0.396	
% 1	72	0.937	0.011	0.052	
% 1	73	0.8232	0.004	0.1728	
% 1	74	0.979	0.006	0.015	
% 1	75	0.957	0.026	0.017	
% 1	76	0.957	0.005	0.038	
% 1	77	0.953	0.012	0.035	
% 1	78	0.923	0.043	0.034	
% 1	79	0.581	0.006	0.413	
% 1	80	0.979	0.005	0.016	
% 1	81	0.856	0.006	0.138	
% 1	82	0.979	0.006	0.015	
% 1	83	0.975	0.008	0.017	
% 1	84	0.9299	0.047	0.023	
% 1	85	0.56	0.006	0.434	
% 1	86	0.662	0.005	0.333	
% 1	87	0.981	0.004	0.015	
% 1	88	0.921	0.006	0.073	
% 1	89	0.979	0.015	0.006	
% 1	90	0.935	0.041	0.024	
% 1	91	0.973	0.004	0.023	
% 1	92	0.963	0.005	0.032	
% 1	93	0.889	0.011	0.1	
% 1	94	0.983	0.009	0.008	
% 1	95	0.966	0.006	0.028	
% 1	96	0.976	0.003	0.021	
% 1	97	0.8	0.023	0.177	
% 1	98	0.858	0.05	0.092	
% 1	99	0.834	0.004	0.162	
% 1	100	0.92	0.024	0.056	
% 1	101	0.074	0.374	0.552	
% 1	102	0.793	0.007	0.2	
% 1	103	0.962	0.006	0.032	
% 1	104	0.966	0.02	0.014	
% 1	105	0.984	0.01	0.006	
% 1	106	0.947	0.003	0.05	
% 1	107	0.879	0.01	0.111	
% 1	108	0.974	0.006	0.02	
% 1	109	0.949	0.017	0.034	
% 1	110	0.908	0.003	0.089	
% 1	111	0.986	0.005	0.009	
% 1	112	0.942	0.047	0.011	
% 1	113	0.9149	0.0591	0.026	
% 1	114	0.859	0.023	0.118	
% 1	115	0.494	0.008	0.498	
% 1	116	0.87	0.013	0.117	
% 1	117	0.972	0.012	0.016	
% 1	118	0.917	0.055	0.028	
% 1	119	0.925	0.02	0.055	
% 1	120	0.964	0.008	0.028	
% 1	121	0.983	0.006	0.011	
% 1	122	0.987	0.005	0.008	
% 1	123	0.981	0.005	0.014	
% 1	124	0.968	0.008	0.024	
% 1	125	0.8412	0.049	0.1099	
% 1	126	0.9479	0.007	0.045	
% 1	127	0.8811	0.042	0.0769	
% 1	128	0.959	0.003	0.038	
% 1	129	0.958	0.013	0.029	
% 1	130	0.787	0.006	0.207	
% 1	131	0.9229	0.009	0.0681	
% 1	132	0.6557	0.007	0.3373	
% 1	133	0.938	0.036	0.026	
% 1	134	0.981	0.005	0.014	
% 1	135	0.8282	0.1489	0.023	
% 1	136	0.964	0.016	0.02	
% 1	137	0.875	0.013	0.112	
% 1	138	0.961	0.01	0.029	
% 1	139	0.969	0.017	0.014	
% 1	140	0.987	0.005	0.008	
% 1	141	0.945	0.035	0.02	
% 1	142	0.9479	0.015	0.037	
% 1	143	0.969	0.005	0.026	
% 1	144	0.9149	0.006	0.0791	
% 1	145	0.986	0.006	0.008	
% 1	146	0.648	0.005	0.347	
% 1	147	0.88	0.034	0.086	
% 1	148	0.974	0.006	0.02	
% 1	149	0.966	0.015	0.019	
% 1	150	0.786	0.021	0.193	
% 1	151	0.945	0.004	0.051	
% 1	152	0.983	0.004	0.013	
% 1	153	0.697	0.011	0.292	
% 1	154	0.922	0.007	0.071	
% 1	155	0.97	0.008	0.022	
% 1	156	0.826	0.161	0.013	
% 1	157	0.966	0.005	0.029	
% 1	158	0.393	0.008	0.599	
% 1	159	0.77	0.018	0.212	
% 1	160	0.934	0.028	0.038	
% 1	161	0.9091	0.012	0.0789	
% 1	162	0.928	0.055	0.017	
% 1	163	0.802	0.184	0.014	
% 1	164	0.968	0.011	0.021	
% 1	165	0.93	0.01	0.06	
% 1	166	0.981	0.011	0.008	
% 1	167	0.956	0.005	0.039	
% 1	168	0.953	0.005	0.042	
% 1	169	0.428	0.013	0.559	
% 1	170	0.9109	0.01	0.0791	
% 1	171	0.889	0.009	0.102	
% 1	172	0.739	0.031	0.23	
% 1	173	0.984	0.004	0.012	
% 1	174	0.8911	0.019	0.0899	
% 1	175	0.95	0.021	0.029	
% 1	176	0.784	0.011	0.205	
% 1	177	0.411	0.016	0.573	
% 1	178	0.9439	0.026	0.03	
% 1	179	0.96	0.003	0.037	
% 1	180	0.963	0.015	0.022	
% 1	181	0.8951	0.0799	0.025	
% 1	182	0.5145	0.006	0.4795	
% 1	183	0.982	0.009	0.009	
% 1	184	0.959	0.008	0.033	
% 1	185	0.89	0.004	0.106	
% 1	186	0.8649	0.005	0.1301	
% 1	187	0.947	0.006	0.047	
% 1	188	0.942	0.015	0.043	
% 1	189	0.689	0.004	0.307	
% 1	190	0.979	0.007	0.014	
% 1	191	0.9301	0.0629	0.007	
% 1	192	0.7473	0.006	0.2468	
% 1	193	0.979	0.003	0.018	
% 1	194	0.928	0.009	0.063	
% 1	195	0.318	0.48	0.202	
% 1	196	0.932	0.008	0.06	
% 1	197	0.963	0.005	0.032	
% 1	198	0.957	0.023	0.02	
% 1	199	0.972	0.016	0.012	
% 1	200	0.973	0.006	0.021	
% 1	201	0.8789	0.004	0.1171	
% 1	202	0.728	0.042	0.23	
% 1	203	0.791	0.079	0.13	
% 1	204	0.7938	0.014	0.1922	
% 1	205	0.885	0.018	0.097	
% 1	206	0.926	0.024	0.05	
% 1	207	0.631	0.01	0.359	
% 1	208	0.8979	0.037	0.0651	
% 1	209	0.966	0.007	0.027	
% 1	210	0.923	0.013	0.064	
% 1	211	0.907	0.027	0.066	
% 1	212	0.607	0.005	0.388	
% 1	213	0.954	0.008	0.038	
% 1	214	0.959	0.03	0.011	
% 1	215	0.956	0.005	0.039	
% 1	216	0.665	0.006	0.329	
% 1	217	0.928	0.006	0.066	
% 1	218	0.7962	0.01	0.1938	
% 1	219	0.977	0.013	0.01	
% 1	220	0.9099	0.005	0.0851	
% 1	221	0.965	0.004	0.031	
% 1	222	0.907	0.037	0.056	
% 1	223	0.955	0.004	0.041	
% 1	224	0.79	0.004	0.206	
% 1	225	0.9421	0.011	0.047	
% 1	226	0.979	0.006	0.015	
% 1	227	0.967	0.018	0.015	
% 1	228	0.949	0.04	0.011	
% 1	229	0.971	0.008	0.021	
% 1	230	0.925	0.006	0.069	
% 1	231	0.985	0.005	0.01	
% 1	232	0.54	0.055	0.405	
% 1	233	0.54	0.012	0.448	
% 1	234	0.818	0.012	0.17	
% 1	235	0.962	0.026	0.012	
% 1	236	0.975	0.005	0.02	
% 1	237	0.806	0.044	0.15	
% 1	238	0.978	0.012	0.01	
% 1	239	0.682	0.016	0.302	
% 1	240	0.757	0.118	0.125	
% 1	241	0.984	0.006	0.01	
% 1	242	0.953	0.007	0.04	
% 1	243	0.969	0.02	0.011	
% 1	244	0.847	0.028	0.125	
% 1	245	0.9251	0.006	0.0689	
% 1	246	0.955	0.013	0.032	
% 1	247	0.961	0.008	0.031	
% 1	248	0.941	0.01	0.049	
% 1	249	0.728	0.021	0.251	
% 1	250	0.973	0.012	0.015	
% 1	251	0.987	0.005	0.008	
% 1	252	0.968	0.006	0.026	
% 1	253	0.984	0.008	0.008	
% 1	254	0.97	0.011	0.019	
% 1	255	0.98	0.009	0.011	
% 1	256	0.929	0.017	0.054	
% 1	257	0.912	0.039	0.049	
% 1	258	0.953	0.026	0.021	
% 1	259	0.887	0.023	0.09	
% 1	260	0.836	0.005	0.159	
% 1	261	0.972	0.02	0.008	
% 1	262	0.9361	0.006	0.0579	
% 1	263	0.962	0.012	0.026	
% 1	264	0.953	0.031	0.016	
% 1	265	0.985	0.008	0.007	
% 1	266	0.975	0.008	0.017	
% 1	267	0.98	0.01	0.01	
% 1	268	0.961	0.005	0.034	
% 1	269	0.945	0.009	0.046	
% 1	270	0.975	0.006	0.019	
% 1	271	0.971	0.013	0.016	
% 1	272	0.971	0.021	0.008	
% 1	273	0.958	0.029	0.013	
% 1	274	0.946	0.022	0.032	
% 1	275	0.973	0.007	0.02	
% 1	276	0.985	0.011	0.004	
% 1	277	0.7177	0.006	0.2763	
% 1	278	0.973	0.009	0.018	
% 1	279	0.9279	0.009	0.0631	
% 1	280	0.978	0.008	0.014	
% 1	281	0.843	0.005	0.152	
% 1	282	0.626	0.009	0.365	
% 1	283	0.736	0.007	0.257	
% 1	284	0.971	0.004	0.025	
% 1	285	0.018	0.005	0.977	
% 1	286	0.986	0.003	0.011	
% 1	287	0.976	0.012	0.012	
% 1	288	0.512	0.194	0.294	
% 1	289	0.332	0.005	0.663	
% 1	290	0.957	0.015	0.028	
% 1	291	0.975	0.004	0.021	
% 1	292	0.7652	0.018	0.2168	
% 1	293	0.766	0.003	0.231	
% 1	294	0.791	0.008	0.201	
% 1	295	0.973	0.008	0.019	
% 1	296	0.943	0.008	0.049	
% 1	297	0.968	0.013	0.019	
% 1	298	0.951	0.021	0.028	
% 1	299	0.966	0.003	0.031	
% 1	300	0.983	0.003	0.014	
% 1	301	0.983	0.004	0.013	
% 1	302	0.889	0.013	0.098	
% 1	303	0.977	0.007	0.016	
% 1	304	0.97	0.009	0.021	
% 1	305	0.866	0.067	0.067	
% 1	306	0.9209	0.0591	0.02	
% 1	307	0.933	0.007	0.06	
% 1	308	0.8038	0.009	0.1872	
% 1	309	0.815	0.008	0.177	
% 1	310	0.978	0.003	0.019	
% 1	311	0.965	0.016	0.019	
% 1	312	0.987	0.004	0.009	
% 1	313	0.933	0.011	0.056	
% 1	314	0.935	0.004	0.061	
% 1	315	0.985	0.004	0.011	
% 1	316	0.9159	0.0561	0.028	
% 1	317	0.809	0.016	0.175	
% 1	318	0.954	0.031	0.015	
% 1	319	0.96	0.028	0.012	
% 1	320	0.928	0.006	0.066	
% 1	321	0.761	0.027	0.212	
% 1	322	0.982	0.009	0.009	
% 1	323	0.933	0.018	0.049	
% 1	324	0.965	0.009	0.026	
% 1	325	0.982	0.007	0.011	
% 1	326	0.985	0.007	0.008	
% 1	327	0.986	0.007	0.007	
% 1	328	0.98	0.009	0.011	
% 1	329	0.981	0.009	0.01	
% 1	330	0.2537	0.008	0.7383	
% 1	331	0.956	0.029	0.015	
% 1	332	0.79	0.023	0.187	
% 1	333	0.8751	0.036	0.0889	
% 1	334	0.755	0.018	0.227	
% 1	335	0.962	0.019	0.019	
% 1	336	0.984	0.008	0.008	
% 1	337	0.963	0.016	0.021	
% 1	338	0.8571	0.012	0.1309	
% 1	339	0.8879	0.1021	0.01	
% 1	340	0.97	0.019	0.011	
% 1	341	0.937	0.007	0.056	
% 1	342	0.936	0.033	0.031	
% 1	343	0.893	0.015	0.092	
% 1	344	0.438	0.2	0.362	
% 1	345	0.569	0.004	0.427	
% 1	346	0.8811	0.004	0.1149	
% 1	347	0.987	0.007	0.006	
% 1	348	0.7347	0.004	0.2613	
% 1	349	0.981	0.012	0.007	
% 1	350	0.878	0.004	0.118	
% 1	351	0.832	0.009	0.159	
% 1	352	0.91	0.014	0.076	
% 1	353	0.666	0.009	0.325	
% 1	354	0.89	0.003	0.107	
% 1	355	0.977	0.003	0.02	
% 1	356	0.174	0.012	0.814	
% 1	357	0.879	0.016	0.105	
% 1	358	0.961	0.031	0.008	
% 1	359	0.931	0.024	0.045	
% 1	360	0.921	0.007	0.072	
% 1	361	0.969	0.018	0.013	
% 1	362	0.955	0.026	0.019	
% 1	363	0.978	0.014	0.008	
% 1	364	0.9219	0.004	0.0741	
% 1	365	0.9351	0.018	0.047	
% 1	366	0.937	0.038	0.025	
% 1	367	0.978	0.005	0.017	
% 1	368	0.973	0.011	0.016	
% 1	369	0.971	0.011	0.018	
% 1	370	0.859	0.053	0.088	
% 1	371	0.6503	0.0559	0.2937	
% 1	372	0.97	0.009	0.021	
% 1	373	0.989	0.004	0.007	
% 1	374	0.943	0.008	0.049	
% 1	375	0.978	0.01	0.012	
% 1	376	0.15	0.006	0.844	
% 1	377	0.931	0.008	0.061	
% 1	378	0.966	0.01	0.024	
% 1	379	0.6026	0.013	0.3844	
% 1	380	0.987	0.007	0.006	
% 1	381	0.978	0.006	0.016	
% 1	382	0.344	0.009	0.647	
% 1	383	0.794	0.017	0.189	
% 1	384	0.58	0.009	0.411	
% 1	385	0.925	0.055	0.02	
% 1	386	0.952	0.028	0.02	
% 1	387	0.967	0.006	0.027	
% 1	388	0.968	0.019	0.013	
% 1	389	0.979	0.009	0.012	
% 1	390	0.934	0.003	0.063	
% 1	391	0.853	0.031	0.116	
% 1	392	0.9499	0.003	0.047	
% 1	393	0.892	0.006	0.102	
% 1	394	0.949	0.003	0.048	
% 1	395	0.978	0.007	0.015	
% 1	396	0.2537	0.004	0.7423	
% 1	397	0.962	0.009	0.029	
% 1	398	0.9379	0.006	0.0561	
% 1	399	0.951	0.004	0.045	
% 1	400	0.4114	0.4855	0.1031	
% 1	401	0.934	0.006	0.06	
% 1	402	0.895	0.011	0.094	
% 1	403	0.982	0.008	0.01	
% 1	404	0.9211	0.008	0.0709	
% 1	405	0.962	0.028	0.01	
% 1	406	0.976	0.002	0.022	
% 1	407	0.979	0.013	0.008	
% 1	408	0.987	0.005	0.008	
% 1	409	0.941	0.007	0.052	
% 1	410	0.443	0.083	0.474	
% 1	411	0.747	0.043	0.21	
% 1	412	0.978	0.005	0.017	
% 1	413	0.968	0.017	0.015	
% 1	414	0.966	0.024	0.01	
% 1	415	0.9	0.003	0.097	
% 1	416	0.917	0.005	0.078	
% 1	417	0.951	0.009	0.04	
% 1	418	0.974	0.015	0.011	
% 1	419	0.97	0.014	0.016	
% 1	420	0.953	0.04	0.007	
% 1	421	0.934	0.007	0.059	
% 1	422	0.954	0.022	0.024	
% 1	423	0.96	0.005	0.035	
% 1	424	0.937	0.006	0.057	
% 1	425	0.985	0.004	0.011	
% 1	426	0.961	0.016	0.023	
% 1	427	0.988	0.005	0.007	
% 1	428	0.854	0.138	0.008	
% 1	429	0.973	0.003	0.024	
% 1	430	0.973	0.009	0.018	
% 1	431	0.541	0.116	0.343	
% 1	432	0.983	0.006	0.011	
% 1	433	0.926	0.003	0.071	
% 1	434	0.9049	0.005	0.0901	
% 1	435	0.963	0.023	0.014	
% 1	436	0.802	0.006	0.192	
% 1	437	0.8	0.019	0.181	
% 1	438	0.976	0.013	0.011	
% 1	439	0.974	0.007	0.019	
% 1	440	0.917	0.007	0.076	
% 1	441	0.797	0.007	0.196	
% 1	442	0.563	0.011	0.426	
% 1	443	0.984	0.011	0.005	
% 1	444	0.97	0.01	0.02	
% 1	445	0.973	0.02	0.007	
% 1	446	0.986	0.005	0.009	
% 1	447	0.7407	0.004	0.2553	
% 1	448	0.5836	0.016	0.4004	
% 1	449	0.7778	0.003	0.2192	
% 1	450	0.928	0.013	0.059	
% 2	451	0.351	0.059	0.59	
% 2	452	0.017	0.006	0.977	
% 2	453	0.4456	0.015	0.5395	
% 2	454	0.767	0.003	0.23	
% 2	455	0.017	0.006	0.977	
% 2	456	0.835	0.003	0.162	
% 2	457	0.596	0.023	0.381	
% 2	458	0.305	0.016	0.679	
% 2	459	0.966	0.004	0.03	
% 2	460	0.877	0.053	0.07	
% 2	461	0.877	0.005	0.118	
% 2	462	0.695	0.148	0.157	
% 2	463	0.734	0.022	0.244	
% 2	464	0.6126	0.01	0.3774	
% 2	465	0.616	0.008	0.376	
% 2	466	0.975	0.005	0.02	
% 2	467	0.01	0.004	0.986	
% 2	468	0.9229	0.0601	0.017	
% 2	469	0.9109	0.01	0.0791	
% 2	470	0.8579	0.028	0.1141	
% 2	471	0.729	0.003	0.268	
% 2	472	0.1099	0.017	0.8731	
% 2	473	0.942	0.01	0.048	
% 2	474	0.828	0.005	0.167	
% 2	475	0.086	0.004	0.91	
% 2	476	0.945	0.01	0.045	
% 2	477	0.6216	0.027	0.3514	
% 2	478	0.148	0.048	0.804	
% 2	479	0.977	0.004	0.019	
% 2	480	0.093	0.028	0.879	
% 2	481	0.958	0.007	0.035	
% 2	482	0.8901	0.022	0.0879	
% 2	483	0.973	0.011	0.016	
% 2	484	0.5365	0.011	0.4525	
% 2	485	0.839	0.034	0.127	
% 2	486	0.244	0.006	0.75	
% 2	487	0.093	0.004	0.903	
% 2	488	0.747	0.007	0.246	
% 2	489	0.036	0.025	0.939	
% 2	490	0.4515	0.004	0.5445	
% 2	491	0.188	0.063	0.749	
% 2	492	0.9239	0.025	0.0511	
% 2	493	0.121	0.033	0.846	
% 2	494	0.023	0.015	0.962	
% 2	495	0.133	0.014	0.853	
% 2	496	0.2368	0.005	0.7582	
% 2	497	0.062	0.025	0.913	
% 2	498	0.941	0.008	0.051	
% 2	499	0.951	0.014	0.035	
% 2	500	0.425	0.008	0.567	
% 2	501	0.892	0.017	0.091	
% 2	502	0.676	0.004	0.32	
% 2	503	0.233	0.025	0.742	
% 2	504	0.546	0.015	0.439	
% 2	505	0.914	0.038	0.048	
% 2	506	0.7608	0.016	0.2232	
% 2	507	0.1181	0.012	0.8699	
% 2	508	0.9121	0.016	0.0719	
% 2	509	0.956	0.011	0.033	
% 2	510	0.9409	0.027	0.032	
% 2	511	0.818	0.038	0.144	
% 2	512	0.734	0.016	0.25	
% 2	513	0.3986	0.004	0.5974	
% 2	514	0.975	0.004	0.021	
% 2	515	0.2348	0.1269	0.6384	
% 2	516	0.899	0.045	0.056	
% 2	517	0.959	0.01	0.031	
% 2	518	0.828	0.103	0.069	
% 2	519	0.603	0.024	0.373	
% 2	520	0.7868	0.006	0.2072	
% 2	521	0.579	0.019	0.402	
% 2	522	0.092	0.005	0.903	
% 2	523	0.903	0.005	0.092	
% 2	524	0.552	0.365	0.083	
% 2	525	0.121	0.006	0.873	
% 2	526	0.0569	0.006	0.9371	
% 2	527	0.2358	0.01	0.7542	
% 2	528	0.475	0.004	0.521	
% 2	529	0.881	0.012	0.107	
% 2	530	0.3097	0.005	0.6853	
% 2	531	0.14	0.006	0.854	
% 2	532	0.924	0.017	0.059	
% 2	533	0.09	0.007	0.903	
% 2	534	0.4785	0.018	0.5035	
% 2	535	0.473	0.006	0.521	
% 2	536	0.384	0.036	0.58	
% 2	537	0.6394	0.005	0.3556	
% 2	538	0.549	0.007	0.444	
% 2	539	0.736	0.006	0.258	
% 2	540	0.572	0.007	0.421	
% 2	541	0.482	0.017	0.501	
% 2	542	0.811	0.022	0.167	
% 2	543	0.1279	0.01	0.8621	
% 2	544	0.4705	0.1978	0.3317	
% 2	545	0.61	0.01	0.38	
% 2	546	0.238	0.011	0.751	
% 2	547	0.8248	0.008	0.1672	
% 2	548	0.042	0.018	0.94	
% 2	549	0.543	0.01	0.447	
% 2	550	0.689	0.009	0.302	
% 2	551	0.043	0.006	0.951	
% 2	552	0.696	0.006	0.298	
% 2	553	0.868	0.005	0.127	
% 2	554	0.983	0.006	0.011	
% 2	555	0.4635	0.044	0.4925	
% 2	556	0.658	0.009	0.333	
% 2	557	0.0881	0.005	0.9069	
% 2	558	0.5225	0.008	0.4695	
% 2	559	0.0569	0.005	0.9381	
% 2	560	0.2388	0.032	0.7293	
% 2	561	0.281	0.006	0.713	
% 2	562	0.291	0.099	0.61	
% 2	563	0.024	0.004	0.972	
% 2	564	0.782	0.005	0.213	
% 2	565	0.026	0.005	0.969	
% 2	566	0.2498	0.023	0.7273	
% 2	567	0.7167	0.018	0.2653	
% 2	568	0.97	0.007	0.023	
% 2	569	0.414	0.035	0.551	
% 2	570	0.572	0.075	0.353	
% 2	571	0.89	0.031	0.079	
% 2	572	0.953	0.01	0.037	
% 2	573	0.365	0.079	0.556	
% 2	574	0.33	0.115	0.555	
% 2	575	0.957	0.022	0.021	
% 2	576	0.794	0.069	0.137	
% 2	577	0.014	0.005	0.981	
% 2	578	0.72	0.006	0.274	
% 2	579	0.787	0.062	0.151	
% 2	580	0.799	0.038	0.163	
% 2	581	0.608	0.01	0.382	
% 2	582	0.098	0.005	0.897	
% 2	583	0.9339	0.007	0.0591	
% 2	584	0.704	0.008	0.288	
% 2	585	0.56	0.016	0.424	
% 2	586	0.977	0.01	0.013	
% 2	587	0.129	0.018	0.853	
% 2	588	0.967	0.01	0.023	
% 2	589	0.974	0.004	0.022	
% 2	590	0.847	0.018	0.135	
% 2	591	0.7247	0.01	0.2653	
% 2	592	0.051	0.03	0.919	
% 2	593	0.225	0.004	0.771	
% 2	594	0.56	0.014	0.426	
% 2	595	0.797	0.073	0.13	
% 2	596	0.906	0.029	0.065	
% 2	597	0.2082	0.043	0.7487	
% 2	598	0.939	0.012	0.049	
% 2	599	0.539	0.019	0.442	
% 2	600	0.326	0.335	0.339	
% 2	601	0.961	0.015	0.024	
% 2	602	0.883	0.005	0.112	
% 2	603	0.295	0.012	0.693	
% 2	604	0.951	0.006	0.043	
% 2	605	0.8599	0.004	0.1361	
% 2	606	0.305	0.007	0.688	
% 2	607	0.689	0.011	0.3	
% 2	608	0.324	0.229	0.447	
% 2	609	0.887	0.011	0.102	
% 2	610	0.022	0.1371	0.8408	
% 2	611	0.665	0.026	0.309	
% 2	612	0.4314	0.018	0.5506	
% 2	613	0.4024	0.014	0.5836	
% 2	614	0.212	0.025	0.763	
% 2	615	0.334	0.011	0.655	
% 2	616	0.1878	0.01	0.8022	
% 2	617	0.131	0.01	0.859	
% 2	618	0.266	0.006	0.728	
% 2	619	0.798	0.034	0.168	
% 2	620	0.112	0.005	0.883	
% 2	621	0.288	0.101	0.611	
% 2	622	0.8739	0.044	0.0821	
% 2	623	0.5916	0.007	0.4014	
% 2	624	0.514	0.009	0.477	
% 2	625	0.084	0.004	0.912	
% 2	626	0.5904	0.044	0.3656	
% 2	627	0.203	0.011	0.786	
% 2	628	0.527	0.003	0.47	
% 2	629	0.239	0.02	0.741	
% 2	630	0.2038	0.05	0.7463	
% 2	631	0.281	0.031	0.688	
% 2	632	0.234	0.004	0.762	
% 2	633	0.29	0.01	0.7	
% 2	634	0.6016	0.016	0.3824	
% 2	635	0.931	0.011	0.058	
% 2	636	0.4675	0.1532	0.3794	
% 2	637	0.1628	0.009	0.8282	
% 2	638	0.0601	0.011	0.9289	
% 2	639	0.92	0.014	0.066	
% 2	640	0.163	0.012	0.825	
% 2	641	0.975	0.004	0.021	
% 2	642	0.0891	0.009	0.9019	
% 2	643	0.544	0.014	0.442	
% 2	644	0.239	0.052	0.709	
% 2	645	0.031	0.002	0.967	
% 2	646	0.208	0.014	0.778	
% 2	647	0.4496	0.037	0.5135	
% 2	648	0.607	0.012	0.381	
% 2	649	0.397	0.09	0.513	
% 2	650	0.052	0.011	0.937	
% 2	651	0.4775	0.013	0.5095	
% 2	652	0.951	0.006	0.043	
% 2	653	0.973	0.007	0.02	
% 2	654	0.344	0.035	0.621	
% 2	655	0.892	0.032	0.076	
% 2	656	0.3407	0.1089	0.5504	
% 2	657	0.684	0.039	0.277	
% 2	658	0.022	0.016	0.962	
% 2	659	0.8771	0.015	0.1079	
% 2	660	0.9371	0.012	0.0509	
% 2	661	0.548	0.014	0.438	
% 2	662	0.3133	0.02	0.6667	
% 2	663	0.321	0.005	0.674	
% 2	664	0.054	0.005	0.941	
% 2	665	0.722	0.166	0.112	
% 2	666	0.5674	0.012	0.4206	
% 2	667	0.394	0.007	0.599	
% 2	668	0.951	0.035	0.014	
% 2	669	0.401	0.03	0.569	
% 2	670	0.869	0.017	0.114	
% 2	671	0.5906	0.01	0.3994	
% 2	672	0.634	0.008	0.358	
% 2	673	0.638	0.006	0.356	
% 2	674	0.823	0.007	0.17	
% 2	675	0.361	0.029	0.61	
% 2	676	0.974	0.005	0.021	
% 2	677	0.771	0.01	0.219	
% 2	678	0.137	0.026	0.837	
% 2	679	0.684	0.007	0.309	
% 2	680	0.738	0.12	0.142	
% 2	681	0.442	0.049	0.509	
% 2	682	0.981	0.003	0.016	
% 2	683	0.228	0.004	0.768	
% 2	684	0.962	0.009	0.029	
% 2	685	0.152	0.007	0.841	
% 2	686	0.798	0.012	0.19	
% 2	687	0.96	0.004	0.036	
% 2	688	0.832	0.008	0.16	
% 2	689	0.981	0.007	0.012	
% 2	690	0.7532	0.0519	0.1948	
% 2	691	0.8931	0.045	0.0619	
% 2	692	0.3644	0.009	0.6266	
% 2	693	0.948	0.003	0.049	
% 2	694	0.938	0.014	0.048	
% 2	695	0.1518	0.021	0.8272	
% 2	696	0.012	0.003	0.985	
% 2	697	0.665	0.123	0.212	
% 2	698	0.951	0.005	0.044	
% 2	699	0.6094	0.2148	0.1758	
% 2	700	0.3033	0.008	0.6887	
% 2	701	0.6004	0.2987	0.1009	
% 2	702	0.348	0.011	0.641	
% 2	703	0.064	0.006	0.93	
% 2	704	0.9369	0.034	0.029	
% 2	705	0.027	0.013	0.96	
% 2	706	0.1548	0.0879	0.7572	
% 2	707	0.08	0.204	0.716	
% 2	708	0.348	0.011	0.641	
% 2	709	0.359	0.092	0.549	
% 2	710	0.71	0.224	0.066	
% 2	711	0.159	0.036	0.805	
% 2	712	0.077	0.006	0.917	
% 2	713	0.239	0.086	0.675	
% 2	714	0.059	0.007	0.934	
% 2	715	0.218	0.009	0.773	
% 2	716	0.846	0.028	0.126	
% 2	717	0.9119	0.003	0.0851	
% 2	718	0.858	0.067	0.075	
% 2	719	0.167	0.01	0.823	
% 2	720	0.579	0.014	0.407	
% 2	721	0.3544	0.004	0.6416	
% 2	722	0.325	0.003	0.672	
% 2	723	0.432	0.191	0.377	
% 2	724	0.697	0.009	0.294	
% 2	725	0.147	0.004	0.849	
% 2	726	0.368	0.009	0.623	
% 2	727	0.725	0.007	0.268	
% 2	728	0.852	0.025	0.123	
% 2	729	0.973	0.004	0.023	
% 2	730	0.061	0.004	0.935	
% 2	731	0.076	0.005	0.919	
% 2	732	0.395	0.023	0.582	
% 2	733	0.0951	0.021	0.8839	
% 2	734	0.8008	0.01	0.1892	
% 2	735	0.2272	0.028	0.7447	
% 2	736	0.045	0.005	0.95	
% 2	737	0.06	0.007	0.933	
% 2	738	0.5355	0.009	0.4555	
% 2	739	0.866	0.018	0.116	
% 2	740	0.385	0.034	0.581	
% 2	741	0.0669	0.004	0.9291	
% 2	742	0.977	0.003	0.02	
% 2	743	0.8939	0.01	0.0961	
% 2	744	0.935	0.032	0.033	
% 2	745	0.26	0.01	0.73	
% 2	746	0.957	0.008	0.035	
% 2	747	0.591	0.006	0.403	
% 2	748	0.791	0.013	0.196	
% 2	749	0.6567	0.1872	0.1562	
% 2	750	0.2913	0.005	0.7037	
% 2	751	0.172	0.016	0.812	
% 2	752	0.9499	0.013	0.037	
% 2	753	0.931	0.018	0.051	
% 2	754	0.974	0.007	0.019	
% 2	755	0.554	0.007	0.439	
% 2	756	0.07	0.028	0.902	
% 2	757	0.525	0.066	0.409	
% 2	758	0.077	0.105	0.818	
% 2	759	0.707	0.01	0.283	
% 2	760	0.598	0.121	0.281	
% 2	761	0.9479	0.006	0.046	
% 2	762	0.901	0.018	0.081	
% 2	763	0.403	0.01	0.587	
% 2	764	0.916	0.024	0.06	
% 2	765	0.2462	0.034	0.7197	
% 2	766	0.826	0.003	0.171	
% 2	767	0.062	0.016	0.922	
% 2	768	0.9281	0.01	0.0619	
% 2	769	0.094	0.005	0.901	
% 2	770	0.443	0.008	0.549	
% 2	771	0.675	0.08	0.245	
% 2	772	0.831	0.036	0.133	
% 2	773	0.306	0.121	0.573	
% 2	774	0.9251	0.012	0.0629	
% 2	775	0.012	0.002	0.986	
% 2	776	0.857	0.026	0.117	
% 2	777	0.442	0.009	0.549	
% 2	778	0.223	0.228	0.549	
% 2	779	0.028	0.005	0.967	
% 2	780	0.977	0.007	0.016	
% 2	781	0.023	0.029	0.948	
% 2	782	0.0569	0.033	0.9101	
% 2	783	0.463	0.007	0.53	
% 2	784	0.956	0.015	0.029	
% 2	785	0.952	0.006	0.042	
% 2	786	0.057	0.007	0.936	
% 2	787	0.985	0.008	0.007	
% 2	788	0.379	0.009	0.612	
% 2	789	0.622	0.032	0.346	
% 2	790	0.6843	0.1089	0.2068	
% 2	791	0.851	0.061	0.088	
% 2	792	0.447	0.029	0.524	
% 2	793	0.481	0.006	0.513	
% 2	794	0.582	0.032	0.386	
% 2	795	0.393	0.006	0.601	
% 2	796	0.521	0.018	0.461	
% 2	797	0.4995	0.004	0.4965	
% 2	798	0.6386	0.026	0.3353	
% 2	799	0.808	0.038	0.154	
% 2	800	0.0559	0.006	0.9381	
% 2	801	0.066	0.048	0.886	
% 2	802	0.29	0.007	0.703	
% 2	803	0.914	0.014	0.072	
% 2	804	0.5754	0.009	0.4156	
% 2	805	0.082	0.008	0.91	
% 2	806	0.278	0.006	0.716	
% 2	807	0.6126	0.008	0.3794	
% 2	808	0.174	0.055	0.771	
% 2	809	0.919	0.063	0.018	
% 2	810	0.015	0.003	0.982	
% 2	811	0.877	0.006	0.117	
% 2	812	0.721	0.194	0.085	
% 2	813	0.673	0.01	0.317	
% 2	814	0.495	0.023	0.482	
% 2	815	0.0781	0.021	0.9009	
% 2	816	0.978	0.007	0.015	
% 2	817	0.981	0.007	0.012	
% 2	818	0.037	0.175	0.788	
% 2	819	0.394	0.21	0.396	
% 2	820	0.15	0.005	0.845	
% 2	821	0.6507	0.011	0.3383	
% 2	822	0.404	0.012	0.584	
% 2	823	0.895	0.016	0.089	
% 2	824	0.455	0.005	0.54	
% 2	825	0.366	0.04	0.594	
% 2	826	0.3393	0.0561	0.6046	
% 2	827	0.317	0.034	0.649	
% 2	828	0.052	0.156	0.792	
% 2	829	0.519	0.011	0.47	
% 2	830	0.7858	0.0961	0.1181	
% 2	831	0.4006	0.4056	0.1938	
% 2	832	0.2983	0.021	0.6807	
% 2	833	0.747	0.007	0.246	
% 2	834	0.1039	0.006	0.8901	
% 2	835	0.575	0.008	0.417	
% 2	836	0.8082	0.017	0.1748	
% 2	837	0.915	0.012	0.073	
% 2	838	0.4426	0.005	0.5524	
% 2	839	0.332	0.011	0.657	
% 2	840	0.5764	0.015	0.4086	
% 2	841	0.806	0.013	0.181	
% 2	842	0.932	0.007	0.061	
% 2	843	0.933	0.022	0.045	
% 2	844	0.283	0.005	0.712	
% 2	845	0.112	0.246	0.642	
% 2	846	0.804	0.014	0.182	
% 2	847	0.2623	0.004	0.7337	
% 2	848	0.885	0.008	0.107	
% 2	849	0.459	0.004	0.537	
% 2	850	0.297	0.102	0.601	
% 2	851	0.9019	0.006	0.0921	
% 2	852	0.453	0.017	0.53	
% 2	853	0.048	0.012	0.94	
% 2	854	0.274	0.007	0.719	
% 2	855	0.7978	0.032	0.1702	
% 2	856	0.1169	0.024	0.8591	
% 2	857	0.87	0.05	0.08	
% 2	858	0.771	0.015	0.214	
% 2	859	0.393	0.014	0.593	
% 2	860	0.5904	0.013	0.3966	
% 2	861	0.554	0.043	0.403	
% 2	862	0.311	0.013	0.676	
% 2	863	0.547	0.014	0.439	
% 2	864	0.4	0.048	0.552	
% 2	865	0.073	0.004	0.923	
% 2	866	0.119	0.012	0.869	
% 2	867	0.087	0.047	0.866	
% 2	868	0.957	0.006	0.037	
% 2	869	0.138	0.024	0.838	
% 2	870	0.932	0.02	0.048	
% 2	871	0.318	0.016	0.666	
% 2	872	0.304	0.046	0.65	
% 2	873	0.123	0.007	0.87	
% 2	874	0.126	0.005	0.869	
% 2	875	0.266	0.011	0.723	
% 2	876	0.169	0.458	0.373	
% 2	877	0.919	0.007	0.074	
% 2	878	0.418	0.006	0.576	
% 2	879	0.8549	0.007	0.1381	
% 2	880	0.873	0.031	0.096	
% 2	881	0.907	0.041	0.052	
% 2	882	0.4765	0.005	0.5185	
% 2	883	0.705	0.025	0.27	
% 2	884	0.719	0.019	0.262	
% 2	885	0.2172	0.004	0.7788	
% 2	886	0.02	0.004	0.976	
% 2	887	0.377	0.032	0.591	
% 2	888	0.016	0.97	0.014	
% 2	889	0.1149	0.1249	0.7602	
% 2	890	0.3287	0.011	0.6603	
% 2	891	0.914	0.005	0.081	
% 2	892	0.299	0.058	0.643	
% 2	893	0.1	0.024	0.876	
% 2	894	0.033	0.003	0.964	
% 2	895	0.6963	0.01	0.2937	
% 2	896	0.961	0.016	0.023	
% 2	897	0.723	0.014	0.263	
% 2	898	0.8769	0.015	0.1081	
% 2	899	0.9369	0.014	0.049	
% 2	900	0.528	0.021	0.451	
% 3	901	0.978	0.005	0.017	
% 3	902	0.963	0.012	0.025	
% 3	903	0.953	0.008	0.039	
% 3	904	0.02	0.005	0.975	
% 3	905	0.445	0.011	0.544	
% 3	906	0.19	0.07	0.74	
% 3	907	0.089	0.009	0.902	
% 3	908	0.619	0.058	0.323	
% 3	909	0.9121	0.006	0.0819	
% 3	910	0.97	0.005	0.025	
% 3	911	0.0561	0.019	0.9249	
% 3	912	0.111	0.084	0.805	
% 3	913	0.982	0.005	0.013	
% 3	914	0.4905	0.1638	0.3457	
% 3	915	0.087	0.011	0.902	
% 3	916	0.807	0.057	0.136	
% 3	917	0.0821	0.007	0.9109	
% 3	918	0.517	0.006	0.477	
% 3	919	0.211	0.006	0.783	
% 3	920	0.132	0.009	0.859	
% 3	921	0.353	0.005	0.642	
% 3	922	0.102	0.036	0.862	
% 3	923	0.052	0.051	0.897	
% 3	924	0.9419	0.028	0.03	
% 3	925	0.01	0.003	0.987	
% 3	926	0.964	0.022	0.014	
% 3	927	0.434	0.008	0.558	
% 3	928	0.0649	0.009	0.9261	
% 3	929	0.017	0.004	0.979	
% 3	930	0.016	0.022	0.962	
% 3	931	0.0531	0.012	0.9349	
% 3	932	0.3343	0.02	0.6456	
% 3	933	0.4635	0.3157	0.2208	
% 3	934	0.9231	0.026	0.0509	
% 3	935	0.169	0.012	0.819	
% 3	936	0.975	0.013	0.012	
% 3	937	0.366	0.01	0.624	
% 3	938	0.7812	0.006	0.2128	
% 3	939	0.238	0.03	0.732	
% 3	940	0.796	0.012	0.192	
% 3	941	0.593	0.006	0.401	
% 3	942	0.17	0.003	0.827	
% 3	943	0.38	0.045	0.575	
% 3	944	0.105	0.034	0.861	
% 3	945	0.2647	0.033	0.7023	
% 3	946	0.805	0.057	0.138	
% 3	947	0.633	0.007	0.36	
% 3	948	0.049	0.1171	0.8338	
% 3	949	0.966	0.004	0.03	
% 3	950	0.3183	0.034	0.6476	
% 3	951	0.256	0.034	0.71	
% 3	952	0.046	0.006	0.9481	
% 3	953	0.023	0.011	0.966	
% 3	954	0.261	0.391	0.348	
% 3	955	0.068	0.006	0.926	
% 3	956	0.2308	0.027	0.7423	
% 3	957	0.272	0.195	0.533	
% 3	958	0.247	0.019	0.734	
% 3	959	0.956	0.007	0.037	
% 3	960	0.901	0.013	0.086	
% 3	961	0.012	0.007	0.981	
% 3	962	0.09	0.033	0.877	
% 3	963	0.015	0.006	0.979	
% 3	964	0.1069	0.014	0.8791	
% 3	965	0.031	0.013	0.956	
% 3	966	0.1768	0.017	0.8062	
% 3	967	0.134	0.11	0.756	
% 3	968	0.697	0.166	0.137	
% 3	969	0.013	0.005	0.982	
% 3	970	0.242	0.22	0.538	
% 3	971	0.013	0.006	0.981	
% 3	972	0.2448	0.4226	0.3327	
% 3	973	0.032	0.012	0.956	
% 3	974	0.066	0.004	0.93	
% 3	975	0.013	0.005	0.982	
% 3	976	0.018	0.015	0.967	
% 3	977	0.012	0.012	0.976	
% 3	978	0.009	0.004	0.987	
% 3	979	0.011	0.003	0.986	
% 3	980	0.009	0.006	0.985	
% 3	981	0.187	0.013	0.8	
% 3	982	0.006	0.005	0.989	
% 3	983	0.007	0.003	0.99	
% 3	984	0.091	0.005	0.904	
% 3	985	0.009	0.004	0.987	
% 3	986	0.018	0.004	0.978	
% 3	987	0.102	0.004	0.894	
% 3	988	0.549	0.007	0.444	
% 3	989	0.011	0.005	0.984	
% 3	990	0.01	0.011	0.979	
% 3	991	0.005	0.003	0.992	
% 3	992	0.915	0.031	0.054	
% 3	993	0.975	0.005	0.02	
% 3	994	0.007	0.011	0.982	
% 3	995	0.712	0.016	0.272	
% 3	996	0.2847	0.021	0.6943	
% 3	997	0.987	0.006	0.007	
% 3	998	0.306	0.009	0.685	
% 3	999	0.586	0.02	0.394	
% 3	1000	0.96	0.008	0.032	
% 3	1001	0.049	0.008	0.943	
% 3	1002	0.759	0.012	0.229	
% 3	1003	0.065	0.004	0.931	
% 3	1004	0.03	0.063	0.907	
% 3	1005	0.66	0.025	0.315	
% 3	1006	0.4406	0.2438	0.3157	
% 3	1007	0.013	0.03	0.957	
% 3	1008	0.95	0.005	0.045	
% 3	1009	0.963	0.008	0.029	
% 3	1010	0.072	0.136	0.792	
% 3	1011	0.029	0.008	0.963	
% 3	1012	0.025	0.085	0.89	
% 3	1013	0.033	0.012	0.955	
% 3	1014	0.462	0.008	0.53	
% 3	1015	0.886	0.005	0.109	
% 3	1016	0.096	0.005	0.899	
% 3	1017	0.018	0.003	0.979	
% 3	1018	0.141	0.014	0.845	
% 3	1019	0.505	0.013	0.482	
% 3	1020	0.844	0.005	0.151	
% 3	1021	0.012	0.03	0.958	
% 3	1022	0.024	0.04	0.936	
% 3	1023	0.554	0.007	0.439	
% 3	1024	0.05	0.006	0.944	
% 3	1025	0.1431	0.004	0.8529	
% 3	1026	0.165	0.013	0.822	
% 3	1027	0.024	0.008	0.968	
% 3	1028	0.011	0.031	0.958	
% 3	1029	0.434	0.005	0.561	
% 3	1030	0.036	0.008	0.956	
% 3	1031	0.109	0.01	0.881	
% 3	1032	0.024	0.0871	0.8889	
% 3	1033	0.012	0.01	0.978	
% 3	1034	0.1471	0.009	0.8438	
% 3	1035	0.0671	0.006	0.9269	
% 3	1036	0.203	0.005	0.792	
% 3	1037	0.742	0.017	0.241	
% 3	1038	0.976	0.007	0.017	
% 3	1039	0.017	0.003	0.98	
% 3	1040	0.779	0.036	0.185	
% 3	1041	0.014	0.003	0.983	
% 3	1042	0.033	0.007	0.96	
% 3	1043	0.161	0.013	0.826	
% 3	1044	0.111	0.011	0.878	
% 3	1045	0.739	0.008	0.253	
% 3	1046	0.085	0.004	0.911	
% 3	1047	0.0979	0.014	0.8881	
% 3	1048	0.246	0.009	0.745	
% 3	1049	0.0831	0.005	0.9119	
% 3	1050	0.073	0.063	0.864	
% 3	1051	0.027	0.015	0.958	
% 3	1052	0.01	0.011	0.979	
% 3	1053	0.022	0.005	0.973	
% 3	1054	0.084	0.01	0.906	
% 3	1055	0.009	0.006	0.985	
% 3	1056	0.017	0.004	0.979	
% 3	1057	0.19	0.018	0.792	
% 3	1058	0.068	0.012	0.92	
% 3	1059	0.1341	0.0591	0.8068	
% 3	1060	0.3	0.094	0.606	
% 3	1061	0.045	0.009	0.9459	
% 3	1062	0.053	0.012	0.935	
% 3	1063	0.423	0.009	0.568	
% 3	1064	0.199	0.01	0.791	
% 3	1065	0.513	0.076	0.411	
% 3	1066	0.023	0.008	0.969	
% 3	1067	0.442	0.016	0.542	
% 3	1068	0.067	0.019	0.914	
% 3	1069	0.011	0.003	0.986	
% 3	1070	0.751	0.123	0.126	
% 3	1071	0.61	0.017	0.373	
% 3	1072	0.013	0.005	0.982	
% 3	1073	0.19	0.023	0.787	
% 3	1074	0.016	0.004	0.98	
% 3	1075	0.083	0.006	0.911	
% 3	1076	0.248	0.162	0.59	
% 3	1077	0.04	0.008	0.952	
% 3	1078	0.014	0.004	0.982	
% 3	1079	0.08	0.02	0.9	
% 3	1080	0.014	0.005	0.981	
% 3	1081	0.018	0.006	0.976	
% 3	1082	0.558	0.008	0.434	
% 3	1083	0.466	0.028	0.506	
% 3	1084	0.046	0.013	0.941	
% 3	1085	0.93	0.024	0.046	
% 3	1086	0.212	0.011	0.777	
% 3	1087	0.14	0.295	0.565	
% 3	1088	0.025	0.009	0.966	
% 3	1089	0.8791	0.013	0.1079	
% 3	1090	0.106	0.003	0.891	
% 3	1091	0.112	0.078	0.81	
% 3	1092	0.6486	0.036	0.3153	
% 3	1093	0.1622	0.007	0.8308	
% 3	1094	0.2683	0.1862	0.5455	
% 3	1095	0.082	0.013	0.905	
% 3	1096	0.021	0.004	0.975	
% 3	1097	0.2192	0.035	0.7457	
% 3	1098	0.017	0.006	0.977	
% 3	1099	0.221	0.602	0.177	
% 3	1100	0.03	0.003	0.967	
% 3	1101	0.025	0.01	0.965	
% 3	1102	0.01	0.009	0.981	
% 3	1103	0.05	0.056	0.894	
% 3	1104	0.01	0.008	0.982	
% 3	1105	0.148	0.046	0.806	
% 3	1106	0.92	0.035	0.045	
% 3	1107	0.01	0.006	0.984	
% 3	1108	0.015	0.007	0.978	
% 3	1109	0.012	0.002	0.986	
% 3	1110	0.009	0.003	0.988	
% 3	1111	0.106	0.014	0.88	
% 3	1112	0.025	0.005	0.97	
% 3	1113	0.014	0.005	0.981	
% 3	1114	0.117	0.006	0.877	
% 3	1115	0.697	0.004	0.299	
% 3	1116	0.887	0.008	0.105	
% 3	1117	0.011	0.004	0.985	
% 3	1118	0.2	0.01	0.79	
% 3	1119	0.941	0.039	0.02	
% 3	1120	0.05	0.059	0.891	
% 3	1121	0.009	0.007	0.984	
% 3	1122	0.009	0.008	0.983	
% 3	1123	0.857	0.021	0.122	
% 3	1124	0.1149	0.017	0.8681	
% 3	1125	0.101	0.005	0.894	
% 3	1126	0.014	0.003	0.983	
% 3	1127	0.011	0.006	0.983	
% 3	1128	0.066	0.01	0.924	
% 3	1129	0.024	0.037	0.939	
% 3	1130	0.027	0.005	0.968	
% 3	1131	0.981	0.005	0.014	
% 3	1132	0.933	0.042	0.025	
% 3	1133	0.017	0.003	0.98	
% 3	1134	0.048	0.006	0.946	
% 3	1135	0.755	0.019	0.226	
% 3	1136	0.304	0.009	0.687	
% 3	1137	0.861	0.009	0.13	
% 3	1138	0.071	0.006	0.923	
% 3	1139	0.481	0.005	0.514	
% 3	1140	0.02	0.006	0.974	
% 3	1141	0.454	0.016	0.53	
% 3	1142	0.016	0.003	0.981	
% 3	1143	0.652	0.005	0.343	
% 3	1144	0.052	0.006	0.942	
% 3	1145	0.017	0.01	0.973	
% 3	1146	0.096	0.007	0.897	
% 3	1147	0.015	0.004	0.981	
% 3	1148	0.01	0.004	0.986	
% 3	1149	0.361	0.006	0.633	
% 3	1150	0.006	0.004	0.99	
% 3	1151	0.018	0.006	0.976	
% 3	1152	0.004	0.991	0.005	
% 3	1153	0.03	0.004	0.966	
% 3	1154	0.179	0.005	0.816	
% 3	1155	0.01	0.004	0.986	
% 3	1156	0.013	0.003	0.984	
% 3	1157	0.029	0.004	0.967	
% 3	1158	0.41	0.021	0.569	
% 3	1159	0.005	0.004	0.991	
% 3	1160	0.025	0.003	0.972	
% 3	1161	0.005	0.009	0.986	
% 3	1162	0.006	0.989	0.005	
% 3	1163	0.006	0.005	0.989	
% 3	1164	0.1748	0.006	0.8192	
% 3	1165	0.013	0.003	0.984	
% 3	1166	0.005	0.003	0.992	
% 3	1167	0.514	0.024	0.462	
% 3	1168	0.007	0.006	0.987	
% 3	1169	0.02	0.003	0.977	
% 3	1170	0.01	0.004	0.986	
% 3	1171	0.013	0.003	0.984	
% 3	1172	0.057	0.006	0.937	
% 3	1173	0.006	0.006	0.988	
% 3	1174	0.015	0.005	0.98	
% 3	1175	0.012	0.006	0.982	
% 3	1176	0.037	0.01	0.953	
% 3	1177	0.026	0.004	0.97	
% 3	1178	0.008	0.004	0.988	
% 3	1179	0.005	0.005	0.99	
% 3	1180	0.006	0.007	0.987	
% 3	1181	0.007	0.007	0.986	
% 3	1182	0.023	0.003	0.974	
% 3	1183	0.015	0.007	0.978	
% 3	1184	0.798	0.004	0.198	
% 3	1185	0.3313	0.1101	0.5586	
% 3	1186	0.51	0.007	0.483	
% 3	1187	0.034	0.005	0.961	
% 3	1188	0.018	0.005	0.977	
% 3	1189	0.028	0.005	0.967	
% 3	1190	0.147	0.026	0.827	
% 3	1191	0.011	0.006	0.983	
% 3	1192	0.1489	0.027	0.8242	
% 3	1193	0.7952	0.004	0.2008	
% 3	1194	0.011	0.005	0.984	
% 3	1195	0.019	0.005	0.976	
% 3	1196	0.007	0.005	0.988	
% 3	1197	0.007	0.006	0.987	
% 3	1198	0.007	0.004	0.989	
% 3	1199	0.009	0.004	0.987	
% 3	1200	0.01	0.004	0.986	
% 3	1201	0.148	0.011	0.841	
% 3	1202	0.451	0.01	0.539	
% 3	1203	0.716	0.042	0.242	
% 3	1204	0.058	0.018	0.924	
% 3	1205	0.02	0.005	0.975	
% 3	1206	0.142	0.006	0.852	
% 3	1207	0.85	0.016	0.134	
% 3	1208	0.018	0.006	0.976	
% 3	1209	0.064	0.003	0.933	
% 3	1210	0.1461	0.009	0.8448	
% 3	1211	0.043	0.003	0.954	
% 3	1212	0.008	0.026	0.966	
% 3	1213	0.008	0.004	0.988	
% 3	1214	0.011	0.004	0.985	
% 3	1215	0.012	0.005	0.983	
% 3	1216	0.572	0.03	0.398	
% 3	1217	0.083	0.446	0.471	
% 3	1218	0.008	0.002	0.99	
% 3	1219	0.012	0.013	0.975	
% 3	1220	0.011	0.004	0.985	
% 3	1221	0.323	0.019	0.658	
% 3	1222	0.014	0.003	0.983	
% 3	1223	0.042	0.014	0.944	
% 3	1224	0.0879	0.006	0.9061	
% 3	1225	0.062	0.005	0.933	
% 3	1226	0.011	0.007	0.982	
% 3	1227	0.007	0.008	0.985	
% 3	1228	0.114	0.003	0.883	
% 3	1229	0.144	0.548	0.308	
% 3	1230	0.7602	0.029	0.2108	
% 3	1231	0.012	0.007	0.981	
% 3	1232	0.1812	0.005	0.8138	
% 3	1233	0.018	0.007	0.975	
% 3	1234	0.008	0.005	0.987	
% 3	1235	0.176	0.019	0.805	
% 3	1236	0.254	0.409	0.337	
% 3	1237	0.6326	0.004	0.3634	
% 3	1238	0.021	0.023	0.956	
% 3	1239	0.01	0.004	0.986	
% 3	1240	0.039	0.006	0.955	
% 3	1241	0.0739	0.012	0.9141	
% 3	1242	0.757	0.009	0.234	
% 3	1243	0.105	0.024	0.871	
% 3	1244	0.009	0.006	0.985	
% 3	1245	0.079	0.01	0.911	
% 3	1246	0.512	0.009	0.479	
% 3	1247	0.041	0.004	0.955	
% 3	1248	0.1109	0.034	0.8551	
% 3	1249	0.052	0.003	0.945	
% 3	1250	0.011	0.004	0.985	
% 3	1251	0.009	0.006	0.985	
% 3	1252	0.018	0.0639	0.9181	
% 3	1253	0.009	0.004	0.987	
% 3	1254	0.017	0.007	0.976	
% 3	1255	0.021	0.009	0.97	
% 3	1256	0.009	0.043	0.948	
% 3	1257	0.01	0.004	0.986	
% 3	1258	0.157	0.015	0.828	
% 3	1259	0.78	0.003	0.217	
% 3	1260	0.008	0.01	0.982	
% 3	1261	0.007	0.005	0.988	
% 3	1262	0.007	0.002	0.991	
% 3	1263	0.042	0.004	0.954	
% 3	1264	0.0541	0.003	0.9429	
% 3	1265	0.385	0.287	0.328	
% 3	1266	0.012	0.01	0.978	
% 3	1267	0.014	0.006	0.98	
% 3	1268	0.008	0.006	0.986	
% 3	1269	0.011	0.012	0.977	
% 3	1270	0.007	0.007	0.986	
% 3	1271	0.009	0.004	0.987	
% 3	1272	0.043	0.006	0.951	
% 3	1273	0.015	0.007	0.978	
% 3	1274	0.602	0.042	0.356	
% 3	1275	0.048	0.01	0.942	
% 3	1276	0.007	0.003	0.99	
% 3	1277	0.01	0.007	0.983	
% 3	1278	0.005	0.004	0.991	
% 3	1279	0.371	0.003	0.626	
% 3	1280	0.011	0.003	0.986	
% 3	1281	0.005	0.003	0.992	
% 3	1282	0.005	0.006	0.989	
% 3	1283	0.603	0.359	0.038	
% 3	1284	0.023	0.012	0.965	
% 3	1285	0.02	0.017	0.963	
% 3	1286	0.009	0.013	0.978	
% 3	1287	0.029	0.008	0.963	
% 3	1288	0.197	0.011	0.792	
% 3	1289	0.011	0.003	0.986	
% 3	1290	0.006	0.003	0.991	
% 3	1291	0.005	0.003	0.992	
% 3	1292	0.01	0.004	0.986	
% 3	1293	0.101	0.005	0.894	
% 3	1294	0.014	0.014	0.972	
% 3	1295	0.074	0.006	0.92	
% 3	1296	0.0769	0.8661	0.0569	
% 3	1297	0.011	0.004	0.985	
% 3	1298	0.006	0.004	0.99	
% 3	1299	0.069	0.006	0.925	
% 3	1300	0.006	0.011	0.983	
% 3	1301	0.008	0.008	0.984	
% 3	1302	0.07	0.252	0.678	
% 3	1303	0.01	0.01	0.98	
% 3	1304	0.0679	0.007	0.9251	
% 3	1305	0.017	0.004	0.979	
% 3	1306	0.048	0.017	0.935	
% 3	1307	0.012	0.008	0.98	
% 3	1308	0.284	0.023	0.693	
% 3	1309	0.005	0.006	0.989	
% 3	1310	0.032	0.008	0.96	
% 3	1311	0.015	0.008	0.977	
% 3	1312	0.009	0.004	0.987	
% 3	1313	0.049	0.039	0.912	
% 3	1314	0.008	0.008	0.984	
% 3	1315	0.011	0.009	0.98	
% 3	1316	0.03	0.019	0.951	
% 3	1317	0.013	0.005	0.982	
% 3	1318	0.009	0.008	0.983	
% 3	1319	0.022	0.937	0.041	
% 3	1320	0.024	0.964	0.012	
% 3	1321	0.071	0.003	0.926	
% 3	1322	0.607	0.012	0.381	
% 3	1323	0.021	0.971	0.008	
% 3	1324	0.005	0.003	0.992	
% 3	1325	0.559	0.034	0.407	
% 3	1326	0.033	0.004	0.963	
% 3	1327	0.017	0.021	0.962	
% 3	1328	0.013	0.007	0.98	
% 3	1329	0.009	0.007	0.984	
% 3	1330	0.01	0.982	0.008	
% 3	1331	0.01	0.004	0.986	
% 3	1332	0.011	0.98	0.009	
% 3	1333	0.4675	0.011	0.5215	
% 3	1334	0.015	0.004	0.981	
% 3	1335	0.011	0.005	0.984	
% 3	1336	0.02	0.004	0.976	
% 3	1337	0.012	0.014	0.974	
% 3	1338	0.198	0.012	0.79	
% 3	1339	0.021	0.007	0.972	
% 3	1340	0.017	0.008	0.975	
% 3	1341	0.5	0.071	0.429	
% 3	1342	0.016	0.022	0.962	
% 3	1343	0.034	0.012	0.954	
% 3	1344	0.006	0.005	0.989	
% 3	1345	0.026	0.004	0.97	
% 3	1346	0.074	0.006	0.92	
% 3	1347	0.021	0.006	0.973	
% 3	1348	0.019	0.006	0.975	
% 3	1349	0.103	0.804	0.093	
% 3	1350	0.1199	0.1129	0.7672	
% 4	1351	0.023	0.913	0.064	
% 4	1352	0.013	0.974	0.013	
% 4	1353	0.856	0.006	0.138	
% 4	1354	0.009	0.98	0.011	
% 4	1355	0.007	0.988	0.005	
% 4	1356	0.036	0.897	0.067	
% 4	1357	0.004	0.993	0.003	
% 4	1358	0.012	0.978	0.01	
% 4	1359	0.018	0.964	0.018	
% 4	1360	0.01	0.981	0.009	
% 4	1361	0.004	0.993	0.003	
% 4	1362	0.002	0.996	0.002	
% 4	1363	0.006	0.989	0.005	
% 4	1364	0.01	0.984	0.006	
% 4	1365	0.006	0.99	0.004	
% 4	1366	0.015	0.969	0.016	
% 4	1367	0.038	0.938	0.024	
% 4	1368	0.027	0.955	0.018	
% 4	1369	0.006	0.987	0.007	
% 4	1370	0.007	0.986	0.007	
% 4	1371	0.105	0.775	0.12	
% 4	1372	0.004	0.992	0.004	
% 4	1373	0.042	0.894	0.064	
% 4	1374	0.008	0.984	0.008	
% 4	1375	0.024	0.942	0.034	
% 4	1376	0.009	0.98	0.011	
% 4	1377	0.014	0.976	0.01	
% 4	1378	0.005	0.991	0.004	
% 4	1379	0.003	0.994	0.003	
% 4	1380	0.013	0.971	0.016	
% 4	1381	0.028	0.933	0.039	
% 4	1382	0.018	0.963	0.019	
% 4	1383	0.008	0.985	0.007	
% 4	1384	0.011	0.982	0.007	
% 4	1385	0.024	0.956	0.02	
% 4	1386	0.005	0.987	0.008	
% 4	1387	0.018	0.962	0.02	
% 4	1388	0.018	0.941	0.041	
% 4	1389	0.023	0.948	0.029	
% 4	1390	0.022	0.944	0.034	
% 4	1391	0.007	0.976	0.017	
% 4	1392	0.003	0.994	0.003	
% 4	1393	0.039	0.9171	0.044	
% 4	1394	0.084	0.881	0.035	
% 4	1395	0.017	0.936	0.047	
% 4	1396	0.007	0.987	0.006	
% 4	1397	0.004	0.99	0.006	
% 4	1398	0.006	0.989	0.005	
% 4	1399	0.005	0.99	0.005	
% 4	1400	0.006	0.987	0.007	
% 4	1401	0.032	0.946	0.022	
% 4	1402	0.029	0.8358	0.1351	
% 4	1403	0.01	0.982	0.008	
% 4	1404	0.049	0.915	0.036	
% 4	1405	0.005	0.991	0.004	
% 4	1406	0.015	0.973	0.012	
% 4	1407	0.003	0.994	0.003	
% 4	1408	0.005	0.988	0.007	
% 4	1409	0.014	0.976	0.01	
% 4	1410	0.018	0.971	0.011	
% 4	1411	0.006	0.99	0.004	
% 4	1412	0.073	0.901	0.026	
% 4	1413	0.171	0.747	0.082	
% 4	1414	0.008	0.984	0.008	
% 4	1415	0.005	0.986	0.009	
% 4	1416	0.008	0.987	0.005	
% 4	1417	0.6523	0.006	0.3417	
% 4	1418	0.01	0.973	0.017	
% 4	1419	0.011	0.976	0.013	
% 4	1420	0.046	0.925	0.029	
% 4	1421	0.132	0.661	0.207	
% 4	1422	0.01	0.976	0.014	
% 4	1423	0.019	0.969	0.012	
% 4	1424	0.02	0.967	0.013	
% 4	1425	0.087	0.891	0.022	
% 4	1426	0.1508	0.2747	0.5744	
% 4	1427	0.02	0.969	0.011	
% 4	1428	0.009	0.945	0.046	
% 4	1429	0.118	0.79	0.092	
% 4	1430	0.003	0.994	0.003	
% 4	1431	0.248	0.646	0.106	
% 4	1432	0.642	0.005	0.353	
