

----------------------------------------------------
STRUCTURE by Pritchard, Stephens and Donnelly (2000)
     and Falush, Stephens and Pritchard (2003)
       Code by Pritchard, Falush and Hubisz
             Version 2.3.4 (Jul 2012)
----------------------------------------------------



Command line arguments:   ../bin/structure -K 3 -i ../data/genos_slg_pipe.txt_dat001 -N 1800 -L 92 -D 7154747 -o StructOuput_genos_slg_pipe.txt_dat001_k003_Rep001.txt 
Input File:    ../data/genos_slg_pipe.txt_dat001

Run parameters:
   1800 individuals
   92 loci
   3 populations assumed
   50000 Burn-in period
   150000 Reps
RANDOMIZE turned off


--------------------------------------------
Proportion of membership of each pre-defined
 population in each of the 3 clusters

Given    Inferred Clusters       Number of
 Pop       1      2      3      Individuals

  1:     0.092  0.019  0.889      450
  2:     0.448  0.041  0.511      450
  3:     0.738  0.047  0.216      450
  4:     0.033  0.921  0.046      450
--------------------------------------------

Allele-freq. divergence among pops (Net nucleotide distance),
computed using point estimates of P.

      1       2       3      
 1      -    0.0494  0.0083  
 2   0.0494     -    0.0438  
 3   0.0083  0.0438     -    

Average distances (expected heterozygosity) between individuals in same cluster:
cluster  1  : 0.3577 
cluster  2  : 0.3827 
cluster  3  : 0.3643 

--------------------------------------------
Estimated Ln Prob of Data   = -180174.1
Mean value of ln likelihood = -179734.6
Variance of ln likelihood   = 879.0
Mean value of alpha         = 0.0446

Mean value of Fst_1         = 0.0417
Mean value of Fst_2         = 0.1515
Mean value of Fst_3         = 0.0107


Inferred ancestry of individuals:
        Label (%Miss) Pop:  Inferred clusters
  1    CH001    (0)    1 :  0.017 0.012 0.971 
  2    CH002    (0)    1 :  0.032 0.008 0.960 
  3    CH003    (0)    1 :  0.086 0.010 0.904 
  4    CH004    (0)    1 :  0.034 0.010 0.956 
  5    CH005    (1)    1 :  0.017 0.006 0.977 
  6    CH006    (0)    1 :  0.023 0.003 0.973 
  7    CH007    (5)    1 :  0.068 0.015 0.917 
  8    CH008    (0)    1 :  0.065 0.036 0.899 
  9    CH009    (0)    1 :  0.014 0.049 0.937 
 10    CH010    (2)    1 :  0.177 0.004 0.819 
 11    CH011    (0)    1 :  0.012 0.047 0.942 
 12    CH012    (0)    1 :  0.046 0.012 0.942 
 13    CH013    (0)    1 :  0.090 0.006 0.904 
 14    CH014    (0)    1 :  0.219 0.005 0.776 
 15    CH015    (0)    1 :  0.048 0.022 0.930 
 16    CH016    (0)    1 :  0.789 0.043 0.169 
 17    CH017    (0)    1 :  0.052 0.011 0.937 
 18    CH018    (0)    1 :  0.054 0.020 0.925 
 19    CH019    (0)    1 :  0.195 0.075 0.731 
 20    CH020    (0)    1 :  0.016 0.049 0.935 
 21    CH021    (1)    1 :  0.007 0.014 0.979 
 22    CH022    (1)    1 :  0.007 0.029 0.963 
 23    CH023    (0)    1 :  0.020 0.015 0.966 
 24    CH024    (0)    1 :  0.013 0.011 0.977 
 25    CH025    (0)    1 :  0.027 0.007 0.966 
 26    CH026    (1)    1 :  0.236 0.013 0.752 
 27    CH027    (1)    1 :  0.071 0.011 0.918 
 28    CH028    (0)    1 :  0.029 0.017 0.954 
 29    CH029    (2)    1 :  0.027 0.008 0.965 
 30    CH030    (0)    1 :  0.062 0.024 0.914 
 31    CH031    (1)    1 :  0.037 0.004 0.959 
 32    CH032    (0)    1 :  0.030 0.009 0.962 
 33    CH033    (0)    1 :  0.043 0.005 0.952 
 34    CH034    (0)    1 :  0.020 0.113 0.867 
 35    CH035    (0)    1 :  0.135 0.015 0.850 
 36    CH036    (1)    1 :  0.431 0.016 0.553 
 37    CH037    (0)    1 :  0.010 0.010 0.981 
 38    CH038    (0)    1 :  0.057 0.003 0.940 
 39    CH039    (0)    1 :  0.207 0.013 0.780 
 40    CH040    (0)    1 :  0.016 0.057 0.927 
 41    CH041    (0)    1 :  0.007 0.018 0.975 
 42    CH042    (0)    1 :  0.158 0.053 0.790 
 43    CH043    (0)    1 :  0.233 0.013 0.754 
 44    CH044    (0)    1 :  0.013 0.008 0.979 
 45    CH045    (0)    1 :  0.045 0.003 0.951 
 46    CH046    (0)    1 :  0.019 0.008 0.973 
 47    CH047    (0)    1 :  0.047 0.014 0.940 
 48    CH048    (0)    1 :  0.228 0.010 0.761 
 49    CH049    (1)    1 :  0.084 0.017 0.899 
 50    CH050    (0)    1 :  0.098 0.004 0.899 
 51    CH001    (0)    1 :  0.020 0.105 0.875 
 52    CH002    (0)    1 :  0.011 0.005 0.983 
 53    CH003    (0)    1 :  0.013 0.006 0.980 
 54    CH004    (0)    1 :  0.011 0.007 0.983 
 55    CH005    (0)    1 :  0.013 0.086 0.901 
 56    CH006    (0)    1 :  0.024 0.004 0.972 
 57    CH007    (0)    1 :  0.029 0.015 0.956 
 58    CH008    (0)    1 :  0.007 0.070 0.923 
 59    CH009    (0)    1 :  0.014 0.084 0.902 
 60    CH010    (0)    1 :  0.097 0.027 0.876 
 61    CH011    (0)    1 :  0.009 0.024 0.968 
 62    CH012    (0)    1 :  0.020 0.003 0.977 
 63    CH013    (0)    1 :  0.016 0.046 0.937 
 64    CH014    (1)    1 :  0.015 0.004 0.980 
 65    CH015    (0)    1 :  0.505 0.058 0.437 
 66    CH016    (0)    1 :  0.013 0.009 0.979 
 67    CH017    (0)    1 :  0.315 0.006 0.679 
 68    CH018    (0)    1 :  0.010 0.007 0.983 
 69    CH019    (0)    1 :  0.010 0.032 0.959 
 70    CH020    (0)    1 :  0.084 0.008 0.907 
 71    CH021    (0)    1 :  0.127 0.005 0.869 
 72    CH022    (0)    1 :  0.374 0.045 0.581 
 73    CH023    (0)    1 :  0.007 0.008 0.984 
 74    CH024    (0)    1 :  0.007 0.010 0.983 
 75    CH025    (0)    1 :  0.009 0.013 0.978 
 76    CH026    (0)    1 :  0.070 0.025 0.904 
 77    CH027    (0)    1 :  0.025 0.004 0.971 
 78    CH028    (0)    1 :  0.144 0.013 0.843 
 79    CH029    (0)    1 :  0.021 0.005 0.974 
 80    CH030    (0)    1 :  0.021 0.009 0.971 
 81    CH031    (1)    1 :  0.041 0.011 0.949 
 82    CH032    (0)    1 :  0.298 0.015 0.687 
 83    CH033    (0)    1 :  0.014 0.004 0.982 
 84    CH034    (0)    1 :  0.025 0.003 0.972 
 85    CH035    (0)    1 :  0.025 0.023 0.952 
 86    CH036    (1)    1 :  0.018 0.006 0.976 
 87    CH037    (0)    1 :  0.011 0.006 0.983 
 88    CH038    (0)    1 :  0.013 0.056 0.931 
 89    CH039    (0)    1 :  0.625 0.016 0.359 
 90    CH040    (0)    1 :  0.007 0.007 0.985 
 91    CH041    (1)    1 :  0.091 0.005 0.904 
 92    CH042    (1)    1 :  0.008 0.010 0.983 
 93    CH043    (0)    1 :  0.011 0.012 0.977 
 94    CH044    (1)    1 :  0.011 0.005 0.984 
 95    CH045    (0)    1 :  0.075 0.015 0.910 
 96    CH046    (0)    1 :  0.130 0.005 0.865 
 97    CH047    (0)    1 :  0.011 0.057 0.932 
 98    CH048    (0)    1 :  0.094 0.126 0.779 
 99    CH049    (0)    1 :  0.363 0.009 0.628 
100    CH050    (0)    1 :  0.014 0.005 0.981 
101    CH001    (1)    1 :  0.012 0.007 0.981 
102    CH002    (0)    1 :  0.050 0.068 0.882 
103    CH003    (0)    1 :  0.022 0.027 0.951 
104    CH004    (0)    1 :  0.290 0.015 0.695 
105    CH005    (0)    1 :  0.019 0.090 0.890 
106    CH006    (0)    1 :  0.010 0.040 0.950 
107    CH007    (0)    1 :  0.074 0.019 0.907 
108    CH008    (0)    1 :  0.024 0.004 0.972 
109    CH009    (0)    1 :  0.015 0.025 0.960 
110    CH010    (0)    1 :  0.023 0.049 0.928 
111    CH011    (0)    1 :  0.020 0.010 0.970 
112    CH012    (0)    1 :  0.045 0.008 0.947 
113    CH013    (0)    1 :  0.012 0.014 0.974 
114    CH014    (0)    1 :  0.009 0.014 0.977 
115    CH015    (0)    1 :  0.028 0.003 0.968 
116    CH016    (2)    1 :  0.056 0.006 0.938 
117    CH017    (0)    1 :  0.009 0.005 0.986 
118    CH018    (1)    1 :  0.013 0.007 0.980 
119    CH019    (0)    1 :  0.077 0.011 0.912 
120    CH020    (2)    1 :  0.329 0.015 0.656 
121    CH021    (0)    1 :  0.189 0.227 0.584 
122    CH022    (0)    1 :  0.035 0.004 0.961 
123    CH023    (0)    1 :  0.012 0.008 0.980 
124    CH024    (0)    1 :  0.013 0.008 0.979 
125    CH025    (0)    1 :  0.067 0.004 0.929 
126    CH026    (0)    1 :  0.092 0.016 0.892 
127    CH027    (0)    1 :  0.009 0.006 0.985 
128    CH028    (0)    1 :  0.175 0.009 0.815 
129    CH029    (0)    1 :  0.051 0.032 0.917 
130    CH030    (0)    1 :  0.011 0.008 0.981 
131    CH031    (0)    1 :  0.008 0.004 0.989 
132    CH032    (0)    1 :  0.010 0.005 0.986 
133    CH033    (0)    1 :  0.118 0.004 0.877 
134    CH034    (0)    1 :  0.048 0.021 0.931 
135    CH035    (0)    1 :  0.016 0.031 0.953 
136    CH036    (1)    1 :  0.035 0.004 0.961 
137    CH037    (1)    1 :  0.050 0.037 0.913 
138    CH038    (0)    1 :  0.030 0.061 0.909 
139    CH039    (0)    1 :  0.101 0.413 0.486 
140    CH040    (0)    1 :  0.011 0.029 0.960 
141    CH041    (0)    1 :  0.555 0.005 0.440 
142    CH042    (0)    1 :  0.074 0.009 0.917 
143    CH043    (0)    1 :  0.019 0.007 0.974 
144    CH044    (1)    1 :  0.040 0.028 0.933 
145    CH045    (0)    1 :  0.018 0.109 0.873 
146    CH046    (0)    1 :  0.077 0.009 0.913 
147    CH047    (0)    1 :  0.528 0.024 0.448 
148    CH048    (0)    1 :  0.010 0.003 0.987 
149    CH049    (3)    1 :  0.008 0.008 0.984 
150    CH050    (0)    1 :  0.011 0.006 0.984 
151    CH001    (0)    1 :  0.056 0.012 0.932 
152    CH002    (0)    1 :  0.081 0.015 0.904 
153    CH003    (0)    1 :  0.019 0.003 0.979 
154    CH004    (0)    1 :  0.324 0.028 0.649 
155    CH005    (1)    1 :  0.123 0.004 0.873 
156    CH006    (0)    1 :  0.011 0.010 0.978 
157    CH007    (0)    1 :  0.065 0.199 0.736 
158    CH008    (0)    1 :  0.007 0.011 0.982 
159    CH009    (0)    1 :  0.031 0.013 0.956 
160    CH010    (0)    1 :  0.022 0.003 0.975 
161    CH011    (0)    1 :  0.030 0.009 0.960 
162    CH012    (0)    1 :  0.033 0.020 0.948 
163    CH013    (0)    1 :  0.783 0.055 0.161 
164    CH014    (0)    1 :  0.046 0.035 0.919 
165    CH015    (0)    1 :  0.082 0.056 0.862 
166    CH016    (0)    1 :  0.046 0.004 0.951 
167    CH017    (0)    1 :  0.015 0.020 0.965 
168    CH018    (0)    1 :  0.010 0.015 0.974 
169    CH019    (0)    1 :  0.303 0.047 0.649 
170    CH020    (0)    1 :  0.020 0.007 0.972 
171    CH021    (0)    1 :  0.242 0.005 0.753 
172    CH022    (0)    1 :  0.028 0.007 0.965 
173    CH023    (0)    1 :  0.403 0.007 0.590 
174    CH024    (1)    1 :  0.060 0.159 0.781 
175    CH025    (0)    1 :  0.061 0.014 0.925 
176    CH026    (0)    1 :  0.020 0.010 0.971 
177    CH027    (0)    1 :  0.043 0.007 0.951 
178    CH028    (0)    1 :  0.124 0.007 0.870 
179    CH029    (0)    1 :  0.027 0.020 0.953 
180    CH030    (0)    1 :  0.039 0.011 0.950 
181    CH031    (0)    1 :  0.412 0.021 0.567 
182    CH032    (2)    1 :  0.014 0.004 0.982 
183    CH033    (0)    1 :  0.129 0.003 0.867 
184    CH034    (0)    1 :  0.037 0.009 0.955 
185    CH035    (0)    1 :  0.051 0.004 0.945 
186    CH036    (0)    1 :  0.226 0.009 0.765 
187    CH037    (0)    1 :  0.020 0.008 0.972 
188    CH038    (0)    1 :  0.032 0.011 0.958 
189    CH039    (0)    1 :  0.042 0.007 0.951 
190    CH040    (0)    1 :  0.011 0.008 0.980 
191    CH041    (0)    1 :  0.025 0.006 0.970 
192    CH042    (0)    1 :  0.006 0.010 0.984 
193    CH043    (0)    1 :  0.017 0.013 0.970 
194    CH044    (0)    1 :  0.075 0.005 0.920 
195    CH045    (0)    1 :  0.008 0.007 0.984 
196    CH046    (0)    1 :  0.031 0.007 0.962 
197    CH047    (0)    1 :  0.030 0.004 0.966 
198    CH048    (0)    1 :  0.017 0.012 0.971 
199    CH049    (0)    1 :  0.013 0.004 0.983 
200    CH050    (0)    1 :  0.013 0.019 0.968 
201    CH001    (1)    1 :  0.008 0.018 0.974 
202    CH002    (0)    1 :  0.030 0.014 0.957 
203    CH003    (0)    1 :  0.031 0.011 0.958 
204    CH004    (0)    1 :  0.013 0.008 0.979 
205    CH005    (1)    1 :  0.040 0.004 0.956 
206    CH006    (0)    1 :  0.022 0.031 0.948 
207    CH007    (2)    1 :  0.219 0.103 0.678 
208    CH008    (1)    1 :  0.020 0.021 0.959 
209    CH009    (0)    1 :  0.038 0.006 0.956 
210    CH010    (1)    1 :  0.019 0.030 0.951 
211    CH011    (0)    1 :  0.020 0.012 0.968 
212    CH012    (0)    1 :  0.010 0.023 0.967 
213    CH013    (0)    1 :  0.016 0.003 0.981 
214    CH014    (7)    1 :  0.729 0.014 0.257 
215    CH015    (0)    1 :  0.032 0.010 0.959 
216    CH016    (1)    1 :  0.015 0.005 0.980 
217    CH017    (1)    1 :  0.107 0.010 0.883 
218    CH018    (1)    1 :  0.010 0.005 0.985 
219    CH019    (0)    1 :  0.048 0.004 0.948 
220    CH020    (1)    1 :  0.080 0.056 0.864 
221    CH021    (0)    1 :  0.028 0.007 0.965 
222    CH022    (0)    1 :  0.011 0.023 0.966 
223    CH023    (0)    1 :  0.513 0.016 0.471 
224    CH024    (0)    1 :  0.035 0.013 0.952 
225    CH025    (3)    1 :  0.008 0.006 0.986 
226    CH026    (0)    1 :  0.014 0.023 0.963 
227    CH027    (0)    1 :  0.009 0.006 0.985 
228    CH028    (0)    1 :  0.011 0.004 0.985 
229    CH029    (0)    1 :  0.015 0.006 0.979 
230    CH030    (0)    1 :  0.121 0.086 0.793 
231    CH031    (1)    1 :  0.033 0.039 0.928 
232    CH032    (0)    1 :  0.347 0.029 0.624 
233    CH033    (0)    1 :  0.015 0.022 0.963 
234    CH034    (0)    1 :  0.074 0.027 0.899 
235    CH035    (0)    1 :  0.014 0.063 0.923 
236    CH036    (0)    1 :  0.732 0.047 0.221 
237    CH037    (0)    1 :  0.025 0.005 0.970 
238    CH038    (2)    1 :  0.009 0.005 0.986 
239    CH039    (0)    1 :  0.026 0.030 0.944 
240    CH040    (0)    1 :  0.013 0.004 0.983 
241    CH041    (0)    1 :  0.010 0.024 0.966 
242    CH042    (1)    1 :  0.268 0.008 0.724 
243    CH043    (0)    1 :  0.012 0.010 0.977 
244    CH044    (1)    1 :  0.065 0.025 0.910 
245    CH045    (0)    1 :  0.031 0.018 0.950 
246    CH046    (1)    1 :  0.046 0.017 0.937 
247    CH047    (1)    1 :  0.016 0.003 0.981 
248    CH048    (2)    1 :  0.029 0.008 0.964 
249    CH049    (0)    1 :  0.101 0.009 0.890 
250    CH050    (1)    1 :  0.090 0.086 0.824 
251    CH001    (0)    1 :  0.052 0.007 0.940 
252    CH002    (0)    1 :  0.604 0.014 0.381 
253    CH003    (0)    1 :  0.028 0.004 0.969 
254    CH004    (1)    1 :  0.005 0.020 0.974 
255    CH005    (0)    1 :  0.010 0.011 0.979 
256    CH006    (0)    1 :  0.030 0.008 0.962 
257    CH007    (7)    1 :  0.008 0.015 0.977 
258    CH008    (0)    1 :  0.014 0.171 0.815 
259    CH009    (0)    1 :  0.041 0.014 0.945 
260    CH010    (0)    1 :  0.151 0.019 0.830 
261    CH011    (0)    1 :  0.180 0.009 0.811 
262    CH012    (0)    1 :  0.005 0.006 0.989 
263    CH013    (0)    1 :  0.092 0.073 0.835 
264    CH014    (3)    1 :  0.012 0.007 0.981 
265    CH015    (1)    1 :  0.009 0.046 0.945 
266    CH016    (1)    1 :  0.010 0.004 0.986 
267    CH017    (0)    1 :  0.007 0.013 0.980 
268    CH018    (0)    1 :  0.006 0.010 0.984 
269    CH019    (0)    1 :  0.030 0.011 0.958 
270    CH020    (1)    1 :  0.036 0.005 0.959 
271    CH021    (0)    1 :  0.110 0.007 0.882 
272    CH022    (0)    1 :  0.200 0.008 0.792 
273    CH023    (1)    1 :  0.213 0.015 0.772 
274    CH024    (0)    1 :  0.912 0.005 0.083 
275    CH025    (0)    1 :  0.037 0.004 0.959 
276    CH026    (0)    1 :  0.007 0.006 0.987 
277    CH027    (1)    1 :  0.010 0.003 0.987 
278    CH028    (0)    1 :  0.078 0.053 0.868 
279    CH029    (0)    1 :  0.065 0.026 0.909 
280    CH030    (0)    1 :  0.100 0.012 0.888 
281    CH031    (1)    1 :  0.058 0.023 0.919 
282    CH032    (0)    1 :  0.008 0.011 0.980 
283    CH033    (1)    1 :  0.054 0.006 0.941 
284    CH034    (0)    1 :  0.019 0.004 0.976 
285    CH035    (1)    1 :  0.015 0.010 0.975 
286    CH036    (1)    1 :  0.021 0.016 0.963 
287    CH037    (0)    1 :  0.010 0.066 0.924 
288    CH038    (4)    1 :  0.069 0.007 0.924 
289    CH039    (1)    1 :  0.034 0.006 0.960 
290    CH040    (0)    1 :  0.023 0.009 0.969 
291    CH041    (1)    1 :  0.086 0.008 0.906 
292    CH042    (0)    1 :  0.027 0.004 0.969 
293    CH043    (1)    1 :  0.039 0.006 0.955 
294    CH044    (0)    1 :  0.008 0.012 0.981 
295    CH045    (2)    1 :  0.873 0.003 0.123 
296    CH046    (1)    1 :  0.025 0.008 0.967 
297    CH047    (0)    1 :  0.007 0.014 0.980 
298    CH048    (0)    1 :  0.024 0.007 0.969 
299    CH049    (1)    1 :  0.045 0.004 0.951 
300    CH050    (0)    1 :  0.293 0.004 0.702 
301    CH001    (1)    1 :  0.227 0.006 0.767 
302    CH002    (0)    1 :  0.019 0.045 0.936 
303    CH003    (2)    1 :  0.089 0.022 0.889 
304    CH004    (0)    1 :  0.276 0.012 0.712 
305    CH005    (0)    1 :  0.150 0.009 0.841 
306    CH006    (1)    1 :  0.142 0.015 0.844 
307    CH007    (1)    1 :  0.215 0.007 0.778 
308    CH008    (0)    1 :  0.011 0.006 0.982 
309    CH009    (0)    1 :  0.010 0.003 0.987 
310    CH010    (0)    1 :  0.014 0.007 0.979 
311    CH011    (0)    1 :  0.015 0.003 0.982 
312    CH012    (2)    1 :  0.060 0.035 0.905 
313    CH013    (0)    1 :  0.006 0.056 0.938 
314    CH014    (0)    1 :  0.011 0.003 0.986 
315    CH015    (0)    1 :  0.136 0.007 0.857 
316    CH016    (0)    1 :  0.133 0.024 0.843 
317    CH017    (0)    1 :  0.014 0.144 0.842 
318    CH018    (0)    1 :  0.011 0.054 0.935 
319    CH019    (1)    1 :  0.106 0.015 0.878 
320    CH020    (0)    1 :  0.011 0.018 0.971 
321    CH021    (3)    1 :  0.023 0.014 0.963 
322    CH022    (1)    1 :  0.053 0.022 0.924 
323    CH023    (0)    1 :  0.028 0.009 0.962 
324    CH024    (0)    1 :  0.036 0.021 0.943 
325    CH025    (1)    1 :  0.012 0.015 0.973 
326    CH026    (2)    1 :  0.012 0.005 0.983 
327    CH027    (0)    1 :  0.009 0.013 0.978 
328    CH028    (1)    1 :  0.117 0.004 0.879 
329    CH029    (0)    1 :  0.026 0.004 0.970 
330    CH030    (1)    1 :  0.010 0.004 0.986 
331    CH031    (6)    1 :  0.014 0.010 0.976 
332    CH032    (0)    1 :  0.025 0.004 0.970 
333    CH033    (0)    1 :  0.038 0.010 0.952 
334    CH034    (2)    1 :  0.197 0.004 0.799 
335    CH035    (0)    1 :  0.043 0.008 0.949 
336    CH036    (0)    1 :  0.158 0.011 0.831 
337    CH037    (0)    1 :  0.094 0.019 0.888 
338    CH038    (1)    1 :  0.012 0.011 0.977 
339    CH039    (0)    1 :  0.053 0.019 0.928 
340    CH040    (1)    1 :  0.007 0.009 0.984 
341    CH041    (0)    1 :  0.344 0.004 0.652 
342    CH042    (1)    1 :  0.039 0.008 0.953 
343    CH043    (0)    1 :  0.029 0.012 0.959 
344    CH044    (1)    1 :  0.038 0.006 0.956 
345    CH045    (0)    1 :  0.015 0.006 0.979 
346    CH046    (1)    1 :  0.053 0.004 0.943 
347    CH047    (0)    1 :  0.012 0.005 0.983 
348    CH048    (3)    1 :  0.126 0.004 0.870 
349    CH049    (0)    1 :  0.214 0.004 0.782 
350    CH050    (0)    1 :  0.012 0.008 0.980 
351    CH001    (0)    1 :  0.326 0.009 0.664 
352    CH002    (0)    1 :  0.021 0.008 0.971 
353    CH003    (0)    1 :  0.045 0.011 0.944 
354    CH004    (0)    1 :  0.011 0.011 0.979 
355    CH005    (0)    1 :  0.154 0.006 0.840 
356    CH006    (0)    1 :  0.015 0.004 0.980 
357    CH007    (0)    1 :  0.031 0.039 0.931 
358    CH008    (1)    1 :  0.199 0.003 0.798 
359    CH009    (0)    1 :  0.060 0.004 0.935 
360    CH010    (0)    1 :  0.026 0.007 0.966 
361    CH011    (1)    1 :  0.012 0.052 0.935 
362    CH012    (0)    1 :  0.010 0.005 0.986 
363    CH013    (0)    1 :  0.009 0.005 0.986 
364    CH014    (0)    1 :  0.031 0.013 0.956 
365    CH015    (0)    1 :  0.067 0.011 0.922 
366    CH016    (0)    1 :  0.037 0.004 0.959 
367    CH017    (0)    1 :  0.054 0.009 0.938 
368    CH018    (0)    1 :  0.039 0.014 0.947 
369    CH019    (0)    1 :  0.132 0.128 0.741 
370    CH020    (0)    1 :  0.032 0.007 0.962 
371    CH021    (0)    1 :  0.028 0.013 0.959 
372    CH022    (0)    1 :  0.016 0.014 0.970 
373    CH023    (1)    1 :  0.006 0.017 0.977 
374    CH024    (0)    1 :  0.754 0.008 0.238 
375    CH025    (0)    1 :  0.235 0.007 0.758 
376    CH026    (0)    1 :  0.009 0.056 0.935 
377    CH027    (1)    1 :  0.682 0.007 0.311 
378    CH028    (2)    1 :  0.015 0.004 0.981 
379    CH029    (0)    1 :  0.023 0.006 0.971 
380    CH030    (0)    1 :  0.761 0.005 0.234 
381    CH031    (0)    1 :  0.033 0.006 0.961 
382    CH032    (1)    1 :  0.038 0.006 0.956 
383    CH033    (0)    1 :  0.027 0.009 0.964 
384    CH034    (0)    1 :  0.006 0.044 0.950 
385    CH035    (0)    1 :  0.043 0.020 0.937 
386    CH036    (0)    1 :  0.715 0.012 0.272 
387    CH037    (0)    1 :  0.815 0.003 0.182 
388    CH038    (0)    1 :  0.018 0.004 0.978 
389    CH039    (0)    1 :  0.058 0.029 0.913 
390    CH040    (0)    1 :  0.010 0.013 0.977 
391    CH041    (0)    1 :  0.347 0.005 0.647 
392    CH042    (0)    1 :  0.047 0.015 0.938 
393    CH043    (0)    1 :  0.010 0.013 0.977 
394    CH044    (0)    1 :  0.007 0.003 0.989 
395    CH045    (0)    1 :  0.085 0.008 0.907 
396    CH046    (0)    1 :  0.044 0.005 0.951 
397    CH047    (3)    1 :  0.223 0.008 0.769 
398    CH048    (0)    1 :  0.043 0.003 0.954 
399    CH049    (0)    1 :  0.106 0.009 0.884 
400    CH050    (0)    1 :  0.452 0.033 0.515 
401    CH001    (0)    1 :  0.433 0.012 0.555 
402    CH002    (1)    1 :  0.034 0.014 0.952 
403    CH003    (0)    1 :  0.167 0.003 0.830 
404    CH004    (0)    1 :  0.027 0.032 0.941 
405    CH005    (1)    1 :  0.016 0.006 0.979 
406    CH006    (1)    1 :  0.310 0.003 0.687 
407    CH007    (0)    1 :  0.023 0.009 0.968 
408    CH008    (0)    1 :  0.027 0.007 0.966 
409    CH009    (0)    1 :  0.029 0.010 0.961 
410    CH010    (1)    1 :  0.403 0.007 0.590 
411    CH011    (0)    1 :  0.026 0.004 0.970 
412    CH012    (0)    1 :  0.008 0.005 0.987 
413    CH013    (1)    1 :  0.262 0.037 0.701 
414    CH014    (0)    1 :  0.016 0.007 0.977 
415    CH015    (1)    1 :  0.014 0.005 0.980 
416    CH016    (0)    1 :  0.025 0.008 0.967 
417    CH017    (0)    1 :  0.194 0.007 0.799 
418    CH018    (0)    1 :  0.634 0.011 0.356 
419    CH019    (2)    1 :  0.210 0.019 0.771 
420    CH020    (1)    1 :  0.053 0.006 0.941 
421    CH021    (0)    1 :  0.034 0.013 0.952 
422    CH022    (0)    1 :  0.013 0.007 0.980 
423    CH023    (0)    1 :  0.011 0.020 0.969 
424    CH024    (0)    1 :  0.016 0.014 0.970 
425    CH025    (1)    1 :  0.241 0.036 0.723 
426    CH026    (1)    1 :  0.019 0.014 0.967 
427    CH027    (1)    1 :  0.072 0.009 0.919 
428    CH028    (0)    1 :  0.413 0.016 0.571 
429    CH029    (0)    1 :  0.019 0.020 0.961 
430    CH030    (0)    1 :  0.012 0.005 0.982 
431    CH031    (1)    1 :  0.074 0.020 0.906 
432    CH032    (0)    1 :  0.008 0.003 0.989 
433    CH033    (0)    1 :  0.013 0.016 0.971 
434    CH034    (0)    1 :  0.145 0.005 0.850 
435    CH035    (0)    1 :  0.176 0.007 0.818 
436    CH036    (1)    1 :  0.440 0.029 0.532 
437    CH037    (7)    1 :  0.017 0.007 0.976 
438    CH038    (0)    1 :  0.021 0.012 0.967 
439    CH039    (0)    1 :  0.008 0.006 0.986 
440    CH040    (0)    1 :  0.008 0.004 0.988 
441    CH041    (3)    1 :  0.016 0.008 0.975 
442    CH042    (0)    1 :  0.029 0.004 0.967 
443    CH043    (3)    1 :  0.020 0.009 0.971 
444    CH044    (0)    1 :  0.011 0.012 0.977 
445    CH045    (2)    1 :  0.032 0.004 0.963 
446    CH046    (1)    1 :  0.102 0.006 0.893 
447    CH047    (0)    1 :  0.033 0.004 0.963 
448    CH048    (1)    1 :  0.201 0.036 0.763 
449    CH049    (0)    1 :  0.268 0.007 0.725 
450    CH050    (0)    1 :  0.308 0.005 0.687 
451   FRH001    (0)    2 :  0.100 0.011 0.889 
452   FRH002    (2)    2 :  0.482 0.040 0.478 
453   FRH003    (1)    2 :  0.028 0.004 0.967 
454   FRH004    (0)    2 :  0.923 0.008 0.069 
455   FRH005    (0)    2 :  0.029 0.012 0.959 
456   FRH006    (0)    2 :  0.124 0.019 0.857 
457   FRH007    (0)    2 :  0.032 0.006 0.962 
458   FRH008    (0)    2 :  0.940 0.005 0.055 
459   FRH009    (1)    2 :  0.704 0.071 0.225 
460   FRH010    (1)    2 :  0.630 0.123 0.247 
461   FRH011    (0)    2 :  0.941 0.027 0.033 
462   FRH012    (0)    2 :  0.918 0.010 0.072 
463   FRH013    (1)    2 :  0.186 0.008 0.807 
464   FRH014    (0)    2 :  0.199 0.007 0.794 
465   FRH015    (0)    2 :  0.165 0.069 0.766 
466   FRH016    (0)    2 :  0.054 0.012 0.934 
467   FRH017    (1)    2 :  0.895 0.022 0.083 
468   FRH018    (0)    2 :  0.977 0.007 0.016 
469   FRH019    (2)    2 :  0.462 0.015 0.522 
470   FRH020    (1)    2 :  0.087 0.006 0.907 
471   FRH021    (3)    2 :  0.019 0.056 0.925 
472   FRH022    (0)    2 :  0.129 0.008 0.862 
473   FRH023    (0)    2 :  0.132 0.012 0.856 
474   FRH024    (0)    2 :  0.978 0.007 0.015 
475   FRH025    (0)    2 :  0.013 0.019 0.968 
476   FRH026    (0)    2 :  0.856 0.005 0.139 
477   FRH027    (0)    2 :  0.715 0.020 0.265 
478   FRH028    (0)    2 :  0.250 0.031 0.719 
479   FRH029    (5)    2 :  0.015 0.005 0.980 
480   FRH030    (0)    2 :  0.914 0.031 0.056 
481   FRH031    (0)    2 :  0.931 0.017 0.052 
482   FRH032    (0)    2 :  0.982 0.005 0.013 
483   FRH033    (0)    2 :  0.019 0.930 0.051 
484   FRH034    (0)    2 :  0.882 0.009 0.108 
485   FRH035    (0)    2 :  0.044 0.016 0.940 
486   FRH036    (0)    2 :  0.019 0.008 0.973 
487   FRH037    (0)    2 :  0.235 0.004 0.761 
488   FRH038    (0)    2 :  0.774 0.072 0.154 
489   FRH039    (1)    2 :  0.841 0.004 0.155 
490   FRH040    (0)    2 :  0.170 0.030 0.799 
491   FRH041    (0)    2 :  0.760 0.032 0.208 
492   FRH042    (0)    2 :  0.916 0.010 0.074 
493   FRH043    (1)    2 :  0.030 0.008 0.962 
494   FRH044    (0)    2 :  0.325 0.011 0.665 
495   FRH045    (0)    2 :  0.382 0.017 0.601 
496   FRH046    (0)    2 :  0.013 0.044 0.942 
497   FRH047    (0)    2 :  0.963 0.005 0.031 
498   FRH048    (1)    2 :  0.010 0.011 0.979 
499   FRH049    (0)    2 :  0.091 0.034 0.875 
500   FRH050    (2)    2 :  0.011 0.004 0.985 
501   FRH001    (0)    2 :  0.586 0.034 0.380 
502   FRH002    (0)    2 :  0.082 0.004 0.914 
503   FRH003    (1)    2 :  0.704 0.020 0.276 
504   FRH004    (0)    2 :  0.858 0.007 0.135 
505   FRH005    (0)    2 :  0.382 0.080 0.538 
506   FRH006    (0)    2 :  0.641 0.073 0.286 
507   FRH007    (2)    2 :  0.925 0.006 0.070 
508   FRH008    (0)    2 :  0.087 0.004 0.909 
509   FRH009    (0)    2 :  0.106 0.055 0.840 
510   FRH010    (2)    2 :  0.054 0.019 0.928 
511   FRH011    (0)    2 :  0.352 0.188 0.460 
512   FRH012    (0)    2 :  0.852 0.008 0.140 
513   FRH013    (0)    2 :  0.532 0.046 0.422 
514   FRH014    (0)    2 :  0.117 0.023 0.860 
515   FRH015    (0)    2 :  0.050 0.006 0.944 
516   FRH016    (0)    2 :  0.287 0.007 0.706 
517   FRH017    (0)    2 :  0.062 0.018 0.920 
518   FRH018    (1)    2 :  0.950 0.006 0.045 
519   FRH019    (0)    2 :  0.014 0.020 0.965 
520   FRH020    (1)    2 :  0.727 0.004 0.269 
521   FRH021    (0)    2 :  0.870 0.008 0.122 
522   FRH022    (0)    2 :  0.762 0.053 0.185 
523   FRH023    (0)    2 :  0.037 0.009 0.954 
524   FRH024    (0)    2 :  0.103 0.033 0.864 
525   FRH025    (1)    2 :  0.045 0.012 0.943 
526   FRH026    (0)    2 :  0.298 0.011 0.691 
527   FRH027    (0)    2 :  0.695 0.006 0.299 
528   FRH028    (1)    2 :  0.278 0.007 0.715 
529   FRH029    (0)    2 :  0.044 0.005 0.951 
530   FRH030    (0)    2 :  0.013 0.050 0.937 
531   FRH031    (0)    2 :  0.113 0.008 0.878 
532   FRH032    (0)    2 :  0.642 0.013 0.345 
533   FRH033    (0)    2 :  0.126 0.006 0.868 
534   FRH034    (0)    2 :  0.953 0.017 0.030 
535   FRH035    (0)    2 :  0.180 0.044 0.776 
536   FRH036    (2)    2 :  0.014 0.010 0.976 
537   FRH037    (0)    2 :  0.419 0.013 0.568 
538   FRH038    (1)    2 :  0.296 0.014 0.690 
539   FRH039    (0)    2 :  0.112 0.020 0.868 
540   FRH040    (0)    2 :  0.978 0.003 0.019 
541   FRH041    (0)    2 :  0.391 0.017 0.592 
542   FRH042    (0)    2 :  0.037 0.032 0.931 
543   FRH043    (0)    2 :  0.039 0.007 0.954 
544   FRH044    (4)    2 :  0.069 0.017 0.914 
545   FRH045    (0)    2 :  0.484 0.013 0.503 
546   FRH046    (0)    2 :  0.370 0.017 0.613 
547   FRH047    (0)    2 :  0.038 0.008 0.953 
548   FRH048    (0)    2 :  0.264 0.023 0.713 
549   FRH049    (1)    2 :  0.389 0.481 0.129 
550   FRH050    (0)    2 :  0.830 0.015 0.154 
551   FRH001    (1)    2 :  0.867 0.005 0.128 
552   FRH002    (0)    2 :  0.927 0.021 0.053 
553   FRH003    (0)    2 :  0.012 0.011 0.977 
554   FRH004    (1)    2 :  0.676 0.015 0.309 
555   FRH005    (0)    2 :  0.622 0.007 0.371 
556   FRH006    (1)    2 :  0.031 0.005 0.963 
557   FRH007    (0)    2 :  0.054 0.054 0.892 
558   FRH008    (0)    2 :  0.931 0.028 0.041 
559   FRH009    (0)    2 :  0.215 0.006 0.779 
560   FRH010    (0)    2 :  0.916 0.011 0.074 
561   FRH011    (0)    2 :  0.506 0.244 0.250 
562   FRH012    (4)    2 :  0.819 0.035 0.147 
563   FRH013    (0)    2 :  0.725 0.026 0.249 
564   FRH014    (1)    2 :  0.514 0.078 0.407 
565   FRH015    (1)    2 :  0.446 0.009 0.545 
566   FRH016    (3)    2 :  0.143 0.005 0.852 
567   FRH017    (0)    2 :  0.512 0.043 0.445 
568   FRH018    (0)    2 :  0.973 0.006 0.021 
569   FRH019    (0)    2 :  0.046 0.005 0.949 
570   FRH020    (1)    2 :  0.294 0.008 0.698 
571   FRH021    (0)    2 :  0.872 0.004 0.123 
572   FRH022    (0)    2 :  0.346 0.016 0.638 
573   FRH023    (0)    2 :  0.953 0.008 0.039 
574   FRH024    (2)    2 :  0.695 0.113 0.192 
575   FRH025    (0)    2 :  0.965 0.015 0.020 
576   FRH026    (1)    2 :  0.025 0.025 0.950 
577   FRH027    (0)    2 :  0.566 0.004 0.430 
578   FRH028    (0)    2 :  0.264 0.141 0.595 
579   FRH029    (0)    2 :  0.031 0.005 0.964 
580   FRH030    (0)    2 :  0.043 0.049 0.908 
581   FRH031    (0)    2 :  0.031 0.010 0.959 
582   FRH032    (0)    2 :  0.011 0.012 0.976 
583   FRH033    (0)    2 :  0.366 0.474 0.160 
584   FRH034    (0)    2 :  0.558 0.010 0.432 
585   FRH035    (0)    2 :  0.036 0.010 0.954 
586   FRH036    (0)    2 :  0.243 0.012 0.744 
587   FRH037    (0)    2 :  0.150 0.031 0.819 
588   FRH038    (1)    2 :  0.012 0.012 0.976 
589   FRH039    (0)    2 :  0.638 0.022 0.340 
590   FRH040    (0)    2 :  0.291 0.086 0.623 
591   FRH041    (0)    2 :  0.809 0.015 0.175 
592   FRH042    (0)    2 :  0.810 0.009 0.181 
593   FRH043    (0)    2 :  0.772 0.006 0.222 
594   FRH044    (0)    2 :  0.535 0.037 0.428 
595   FRH045    (0)    2 :  0.622 0.236 0.142 
596   FRH046    (0)    2 :  0.612 0.012 0.377 
597   FRH047    (0)    2 :  0.060 0.158 0.782 
598   FRH048    (0)    2 :  0.108 0.061 0.830 
599   FRH049    (1)    2 :  0.023 0.020 0.957 
600   FRH050    (0)    2 :  0.051 0.007 0.943 
601   FRH001    (0)    2 :  0.575 0.006 0.420 
602   FRH002    (0)    2 :  0.884 0.058 0.058 
603   FRH003    (0)    2 :  0.848 0.007 0.146 
604   FRH004    (0)    2 :  0.773 0.021 0.206 
605   FRH005    (0)    2 :  0.339 0.008 0.653 
606   FRH006    (0)    2 :  0.882 0.007 0.111 
607   FRH007    (0)    2 :  0.800 0.010 0.190 
608   FRH008    (1)    2 :  0.372 0.011 0.617 
609   FRH009    (0)    2 :  0.085 0.015 0.900 
610   FRH010    (0)    2 :  0.841 0.005 0.153 
611   FRH011    (1)    2 :  0.614 0.008 0.378 
612   FRH012    (4)    2 :  0.671 0.078 0.252 
613   FRH013    (0)    2 :  0.080 0.025 0.895 
614   FRH014    (0)    2 :  0.044 0.050 0.905 
615   FRH015    (0)    2 :  0.009 0.009 0.982 
616   FRH016    (2)    2 :  0.194 0.005 0.801 
617   FRH017    (0)    2 :  0.444 0.005 0.551 
618   FRH018    (0)    2 :  0.368 0.014 0.618 
619   FRH019    (0)    2 :  0.015 0.008 0.977 
620   FRH020    (2)    2 :  0.751 0.011 0.237 
621   FRH021    (1)    2 :  0.017 0.018 0.965 
622   FRH022    (0)    2 :  0.418 0.024 0.558 
623   FRH023    (0)    2 :  0.944 0.005 0.051 
624   FRH024    (0)    2 :  0.427 0.063 0.510 
625   FRH025    (0)    2 :  0.194 0.014 0.792 
626   FRH026    (0)    2 :  0.313 0.007 0.679 
627   FRH027    (0)    2 :  0.832 0.026 0.141 
628   FRH028    (0)    2 :  0.156 0.019 0.825 
629   FRH029    (0)    2 :  0.108 0.014 0.878 
630   FRH030    (0)    2 :  0.079 0.009 0.912 
631   FRH031    (0)    2 :  0.059 0.025 0.917 
632   FRH032    (0)    2 :  0.963 0.008 0.029 
633   FRH033    (0)    2 :  0.072 0.008 0.920 
634   FRH034    (1)    2 :  0.257 0.069 0.674 
635   FRH035    (0)    2 :  0.279 0.014 0.707 
636   FRH036    (0)    2 :  0.515 0.023 0.462 
637   FRH037    (1)    2 :  0.462 0.004 0.534 
638   FRH038    (0)    2 :  0.154 0.004 0.842 
639   FRH039    (2)    2 :  0.928 0.004 0.068 
640   FRH040    (0)    2 :  0.861 0.027 0.112 
641   FRH041    (0)    2 :  0.140 0.004 0.856 
642   FRH042    (0)    2 :  0.265 0.013 0.722 
643   FRH043    (0)    2 :  0.756 0.006 0.238 
644   FRH044    (0)    2 :  0.869 0.021 0.110 
645   FRH045    (0)    2 :  0.962 0.015 0.023 
646   FRH046    (0)    2 :  0.383 0.016 0.601 
647   FRH047    (0)    2 :  0.891 0.012 0.097 
648   FRH048    (0)    2 :  0.070 0.014 0.916 
649   FRH049    (0)    2 :  0.286 0.077 0.637 
650   FRH050    (1)    2 :  0.560 0.006 0.434 
651   FRH001    (0)    2 :  0.893 0.004 0.103 
652   FRH002    (0)    2 :  0.041 0.006 0.953 
653   FRH003    (0)    2 :  0.074 0.015 0.910 
654   FRH004    (2)    2 :  0.428 0.008 0.564 
655   FRH005    (0)    2 :  0.172 0.134 0.694 
656   FRH006    (0)    2 :  0.839 0.010 0.151 
657   FRH007    (0)    2 :  0.043 0.007 0.950 
658   FRH008    (1)    2 :  0.586 0.009 0.405 
659   FRH009    (0)    2 :  0.338 0.019 0.644 
660   FRH010    (0)    2 :  0.960 0.013 0.027 
661   FRH011    (1)    2 :  0.821 0.018 0.161 
662   FRH012    (0)    2 :  0.968 0.018 0.014 
663   FRH013    (0)    2 :  0.175 0.012 0.813 
664   FRH014    (0)    2 :  0.594 0.108 0.298 
665   FRH015    (0)    2 :  0.117 0.008 0.875 
666   FRH016    (0)    2 :  0.632 0.034 0.334 
667   FRH017    (1)    2 :  0.733 0.008 0.259 
668   FRH018    (0)    2 :  0.406 0.223 0.371 
669   FRH019    (0)    2 :  0.594 0.006 0.401 
670   FRH020    (0)    2 :  0.468 0.040 0.492 
671   FRH021    (0)    2 :  0.821 0.018 0.161 
672   FRH022    (0)    2 :  0.751 0.036 0.213 
673   FRH023    (0)    2 :  0.870 0.015 0.115 
674   FRH024    (0)    2 :  0.075 0.005 0.920 
675   FRH025    (0)    2 :  0.110 0.146 0.744 
676   FRH026    (0)    2 :  0.006 0.021 0.973 
677   FRH027    (1)    2 :  0.181 0.012 0.807 
678   FRH028    (0)    2 :  0.415 0.211 0.374 
679   FRH029    (0)    2 :  0.775 0.004 0.221 
680   FRH030    (0)    2 :  0.968 0.003 0.028 
681   FRH031    (0)    2 :  0.689 0.004 0.307 
682   FRH032    (0)    2 :  0.114 0.059 0.826 
683   FRH033    (0)    2 :  0.043 0.031 0.926 
684   FRH034    (0)    2 :  0.179 0.113 0.708 
685   FRH035    (1)    2 :  0.326 0.027 0.646 
686   FRH036    (0)    2 :  0.023 0.004 0.972 
687   FRH037    (0)    2 :  0.839 0.006 0.155 
688   FRH038    (0)    2 :  0.968 0.008 0.024 
689   FRH039    (0)    2 :  0.098 0.030 0.872 
690   FRH040    (0)    2 :  0.807 0.024 0.168 
691   FRH041    (0)    2 :  0.984 0.007 0.009 
692   FRH042    (0)    2 :  0.790 0.009 0.201 
693   FRH043    (0)    2 :  0.089 0.008 0.903 
694   FRH044    (0)    2 :  0.353 0.008 0.639 
695   FRH045    (1)    2 :  0.056 0.005 0.939 
696   FRH046    (1)    2 :  0.016 0.036 0.948 
697   FRH047    (1)    2 :  0.066 0.084 0.850 
698   FRH048    (0)    2 :  0.880 0.027 0.094 
699   FRH049    (2)    2 :  0.308 0.009 0.683 
700   FRH050    (1)    2 :  0.138 0.013 0.849 
701   FRH001    (2)    2 :  0.885 0.022 0.093 
702   FRH002    (0)    2 :  0.774 0.009 0.218 
703   FRH003    (0)    2 :  0.051 0.046 0.903 
704   FRH004    (1)    2 :  0.969 0.011 0.020 
705   FRH005    (1)    2 :  0.535 0.006 0.458 
706   FRH006    (0)    2 :  0.941 0.007 0.052 
707   FRH007    (0)    2 :  0.094 0.004 0.902 
708   FRH008    (0)    2 :  0.029 0.009 0.962 
709   FRH009    (1)    2 :  0.175 0.378 0.447 
710   FRH010    (0)    2 :  0.938 0.006 0.056 
711   FRH011    (0)    2 :  0.212 0.017 0.772 
712   FRH012    (0)    2 :  0.536 0.006 0.457 
713   FRH013    (0)    2 :  0.646 0.006 0.348 
714   FRH014    (0)    2 :  0.895 0.005 0.100 
715   FRH015    (1)    2 :  0.954 0.005 0.042 
716   FRH016    (0)    2 :  0.851 0.005 0.144 
717   FRH017    (0)    2 :  0.019 0.004 0.977 
718   FRH018    (0)    2 :  0.289 0.005 0.705 
719   FRH019    (0)    2 :  0.368 0.007 0.625 
720   FRH020    (1)    2 :  0.822 0.017 0.162 
721   FRH021    (0)    2 :  0.854 0.010 0.137 
722   FRH022    (0)    2 :  0.121 0.125 0.755 
723   FRH023    (0)    2 :  0.543 0.017 0.440 
724   FRH024    (0)    2 :  0.932 0.037 0.031 
725   FRH025    (0)    2 :  0.373 0.046 0.581 
726   FRH026    (1)    2 :  0.976 0.009 0.016 
727   FRH027    (0)    2 :  0.451 0.030 0.520 
728   FRH028    (0)    2 :  0.352 0.028 0.620 
729   FRH029    (0)    2 :  0.689 0.013 0.298 
730   FRH030    (0)    2 :  0.133 0.018 0.849 
731   FRH031    (0)    2 :  0.014 0.003 0.983 
732   FRH032    (0)    2 :  0.034 0.030 0.937 
733   FRH033    (0)    2 :  0.849 0.006 0.145 
734   FRH034    (0)    2 :  0.137 0.010 0.853 
735   FRH035    (0)    2 :  0.783 0.119 0.098 
736   FRH036    (0)    2 :  0.102 0.013 0.885 
737   FRH037    (0)    2 :  0.668 0.008 0.324 
738   FRH038    (0)    2 :  0.888 0.005 0.106 
739   FRH039    (0)    2 :  0.147 0.006 0.847 
740   FRH040    (0)    2 :  0.650 0.204 0.146 
741   FRH041    (0)    2 :  0.720 0.003 0.278 
742   FRH042    (2)    2 :  0.039 0.056 0.905 
743   FRH043    (0)    2 :  0.053 0.003 0.943 
744   FRH044    (0)    2 :  0.017 0.016 0.967 
745   FRH045    (0)    2 :  0.592 0.088 0.320 
746   FRH046    (1)    2 :  0.424 0.011 0.565 
747   FRH047    (1)    2 :  0.336 0.007 0.657 
748   FRH048    (0)    2 :  0.029 0.010 0.962 
749   FRH049    (1)    2 :  0.607 0.108 0.286 
750   FRH050    (1)    2 :  0.020 0.005 0.975 
751   FRH001    (1)    2 :  0.108 0.004 0.888 
752   FRH002    (0)    2 :  0.255 0.057 0.688 
753   FRH003    (0)    2 :  0.082 0.073 0.846 
754   FRH004    (0)    2 :  0.095 0.077 0.828 
755   FRH005    (0)    2 :  0.759 0.005 0.236 
756   FRH006    (0)    2 :  0.167 0.005 0.828 
757   FRH007    (1)    2 :  0.773 0.012 0.215 
758   FRH008    (1)    2 :  0.018 0.004 0.978 
759   FRH009    (0)    2 :  0.850 0.056 0.094 
760   FRH010    (0)    2 :  0.700 0.027 0.273 
761   FRH011    (0)    2 :  0.052 0.050 0.898 
762   FRH012    (0)    2 :  0.605 0.019 0.376 
763   FRH013    (0)    2 :  0.978 0.005 0.017 
764   FRH014    (0)    2 :  0.152 0.025 0.824 
765   FRH015    (1)    2 :  0.654 0.007 0.339 
766   FRH016    (0)    2 :  0.941 0.004 0.055 
767   FRH017    (0)    2 :  0.298 0.032 0.671 
768   FRH018    (8)    2 :  0.936 0.007 0.058 
769   FRH019    (0)    2 :  0.783 0.020 0.197 
770   FRH020    (0)    2 :  0.582 0.040 0.378 
771   FRH021    (1)    2 :  0.892 0.010 0.099 
772   FRH022    (0)    2 :  0.026 0.015 0.959 
773   FRH023    (1)    2 :  0.849 0.004 0.147 
774   FRH024    (0)    2 :  0.418 0.104 0.478 
775   FRH025    (0)    2 :  0.920 0.008 0.072 
776   FRH026    (0)    2 :  0.065 0.014 0.921 
777   FRH027    (1)    2 :  0.064 0.060 0.877 
778   FRH028    (0)    2 :  0.743 0.009 0.248 
779   FRH029    (7)    2 :  0.893 0.030 0.077 
780   FRH030    (1)    2 :  0.053 0.007 0.941 
781   FRH031    (0)    2 :  0.757 0.087 0.156 
782   FRH032    (1)    2 :  0.155 0.010 0.834 
783   FRH033    (0)    2 :  0.343 0.019 0.638 
784   FRH034    (0)    2 :  0.074 0.023 0.904 
785   FRH035    (0)    2 :  0.442 0.008 0.551 
786   FRH036    (3)    2 :  0.945 0.028 0.026 
787   FRH037    (0)    2 :  0.976 0.004 0.020 
788   FRH038    (0)    2 :  0.437 0.026 0.538 
789   FRH039    (0)    2 :  0.878 0.108 0.015 
790   FRH040    (1)    2 :  0.231 0.006 0.763 
791   FRH041    (0)    2 :  0.590 0.004 0.406 
792   FRH042    (0)    2 :  0.067 0.007 0.926 
793   FRH043    (0)    2 :  0.261 0.006 0.733 
794   FRH044    (0)    2 :  0.813 0.015 0.172 
795   FRH045    (0)    2 :  0.478 0.012 0.511 
796   FRH046    (1)    2 :  0.654 0.032 0.314 
797   FRH047    (0)    2 :  0.883 0.008 0.109 
798   FRH048    (0)    2 :  0.058 0.028 0.914 
799   FRH049    (3)    2 :  0.908 0.003 0.088 
800   FRH050    (3)    2 :  0.098 0.024 0.878 
801   FRH001    (0)    2 :  0.150 0.004 0.846 
802   FRH002    (0)    2 :  0.973 0.012 0.015 
803   FRH003    (0)    2 :  0.184 0.010 0.805 
804   FRH004    (0)    2 :  0.768 0.019 0.212 
805   FRH005    (0)    2 :  0.569 0.035 0.396 
806   FRH006    (0)    2 :  0.903 0.004 0.092 
807   FRH007    (0)    2 :  0.757 0.007 0.236 
808   FRH008    (1)    2 :  0.969 0.007 0.024 
809   FRH009    (2)    2 :  0.442 0.105 0.453 
810   FRH010    (0)    2 :  0.986 0.004 0.010 
811   FRH011    (0)    2 :  0.143 0.079 0.778 
812   FRH012    (0)    2 :  0.586 0.009 0.404 
